投稿日,タイトル,URL,グループ,症状名・悩み事,年月
2025/05/24,片付けができない理由,https://www.instagram.com/reel/DKAiBZQTCut/?utm_source=ig_web_copy_link&igsh=MzRlODBiNWFlZA==,"パートナー, 氣",片付け,2025-05
2025/05/23,氣を調えるWS①,https://www.instagram.com/reel/DJ-GFoITdMW/?utm_source=ig_web_copy_link&igsh=MzRlODBiNWFlZA==,"セミナー告知, 氣",氣を調えるWS①,2025-05
2025/05/22,予定が無いのがうれしかったり、寂しかったり,https://www.instagram.com/reel/DJ7YbAwzt57/?utm_source=ig_web_copy_link&igsh=MzRlODBiNWFlZA==,"人間関係, 氣",自己肯定感,2025-05
2025/05/20,話すと涙が…,https://www.instagram.com/reel/DJ2OK75TdrF/?utm_source=ig_web_copy_link&igsh=MzRlODBiNWFlZA==,氣,涙　泣く,2025-05
2025/05/18,気にしないようにするのはムリ,https://www.instagram.com/reel/DJxFKq1TCVp/?utm_source=ig_web_copy_link&igsh=MzRlODBiNWFlZA==,氣,意味に気がつく,2025-05
2025/05/17,子どもに早起き真似された,https://www.instagram.com/reel/DJugWniTp6S/?utm_source=ig_web_copy_link&igsh=MzRlODBiNWFlZA==,"嬉しい報告, 生活習慣, 親子",早起き,2025-05
2025/05/16,東洋医学の食事のキホン,https://www.instagram.com/reel/DJqGvsvzcUF/?utm_source=ig_web_copy_link&igsh=MzRlODBiNWFlZA==,"セミナー告知, 食事",食事,2025-05
2025/05/16,氣を調えたら異動できた,https://www.instagram.com/reel/DJr7j7MugkW/?utm_source=ig_web_copy_link&igsh=MzRlODBiNWFlZA==,"嬉しい報告, 生活習慣",調える,2025-05
2025/05/15,不安定はふつうで自然,https://www.instagram.com/reel/DJpWNIXxg5b/?utm_source=ig_web_copy_link&igsh=MzRlODBiNWFlZA==,"氣, 親子",安定させたい,2025-05
2025/05/14,退職希望。社長の反応が気になって…,https://www.instagram.com/reel/DJmyEfBxRp4/?utm_source=ig_web_copy_link&igsh=MzRlODBiNWFlZA==,人間関係,退職,2025-05
2025/05/13,社会に不満。やるせない気持ちに…,https://www.instagram.com/reel/DJkMo6SRku1/?utm_source=ig_web_copy_link&igsh=MzRlODBiNWFlZA==,氣,不満,2025-05
2025/05/12,息子の受験、なんとかなるわ,https://www.instagram.com/reel/DJhn4HnRB2V/?utm_source=ig_web_copy_link&igsh=MzRlODBiNWFlZA==,親子,受験,2025-05
2025/05/11,最＆高　嬉しい旦那,https://www.instagram.com/reel/DJfDCc-R38J/?utm_source=ig_web_copy_link&igsh=MzRlODBiNWFlZA==,"パートナー, 嬉しい報告",のびのび,2025-05
2025/05/10,家事を手伝って体調崩す夫,https://www.instagram.com/reel/DJce2P2RDgm/?utm_source=ig_web_copy_link&igsh=MzRlODBiNWFlZA==,"パートナー, 人間関係",家族の負担,2025-05
2025/05/09,不安神経症の東洋医学の考え方,https://www.instagram.com/reel/DJaERHoT9a_/?utm_source=ig_web_copy_link&igsh=MzRlODBiNWFlZA==,"セミナー告知, 体調不良",不安神経症　動機　過呼吸,2025-05
2025/05/09,人間関係に迷っている人へ,https://www.instagram.com/reel/DJa1lYmRUrp/?utm_source=ig_web_copy_link&igsh=MzRlODBiNWFlZA==,"セミナー告知, パートナー, 人間関係",東洋医学の男と女、人間関係のキホン,2025-05
2025/05/08,言いたいことの伝え方,https://www.instagram.com/reel/DJXVRZLTPFA/?utm_source=ig_web_copy_link&igsh=MzRlODBiNWFlZA==,"パートナー, 人間関係",逃げる人,2025-05
2025/05/07,出産した,https://www.instagram.com/reel/DJUweDgzxZp/?utm_source=ig_web_copy_link&igsh=MzRlODBiNWFlZA==,嬉しい報告,出産,2025-05
2025/05/06,優しく喋る,https://www.instagram.com/reel/DJSLqUCzlwb/?utm_source=ig_web_copy_link&igsh=MzRlODBiNWFlZA==,"人間関係, 氣",外面,2025-05
2025/05/05,すごく乱れていた昔のボウズ,https://www.instagram.com/reel/DJPm1-OzBrh/?utm_source=ig_web_copy_link&igsh=MzRlODBiNWFlZA==,氣,ボウズの話,2025-05
2025/05/04,デジタルデトックス,https://www.instagram.com/reel/DJNCG5CzZWO/?utm_source=ig_web_copy_link&igsh=MzRlODBiNWFlZA==,"氣, 生活習慣",デジタルデトックス,2025-05
2025/05/03,急にキレる魅力のない夫,https://www.instagram.com/reel/DJKcpycTDS0/?utm_source=ig_web_copy_link&igsh=MzRlODBiNWFlZA==,パートナー,放置,2025-05
2025/05/02,みんな優しいの,https://www.instagram.com/reel/DJNBeOBTILM/?utm_source=ig_web_copy_link&igsh=MzRlODBiNWFlZA==,"人間関係, 氣",よかれ　優しさ,2025-05
2025/05/01,義理の家族との距離が…,https://www.instagram.com/reel/DJFTGLMTvmU/?utm_source=ig_web_copy_link&igsh=MzRlODBiNWFlZA==,"人間関係, 嬉しい報告",モラハラ,2025-05
2025/04/30,足るを知るって何？,https://www.instagram.com/reel/DJCuRk_TdJ9/?utm_source=ig_web_copy_link&igsh=MzRlODBiNWFlZA==,氣,未設定,2025-04
2025/04/29,周りの人からよく見られたい,https://www.instagram.com/reel/DJAJkncT0l2/?utm_source=ig_web_copy_link&igsh=MzRlODBiNWFlZA==,氣,外面　人の目,2025-04
2025/04/28,怒り狂っていた私が…,https://www.instagram.com/reel/DI9lU5UTfSX/?utm_source=ig_web_copy_link&igsh=MzRlODBiNWFlZA==,"嬉しい報告, 氣, 親子",怒り,2025-04
2025/04/27,もっと子どもと遊んであげたい,https://www.instagram.com/reel/DI7AjLATT7G/?utm_source=ig_web_copy_link&igsh=MzRlODBiNWFlZA==,親子,自己嫌悪,2025-04
2025/04/26,彼氏ができた,https://www.instagram.com/reel/DI4bHf_ztBy/?utm_source=ig_web_copy_link&igsh=MzRlODBiNWFlZA==,嬉しい報告,恋愛,2025-04
2025/04/25,喧嘩でマウントをとる夫,https://www.instagram.com/reel/DI12ZvIT-AD/?utm_source=ig_web_copy_link&igsh=MzRlODBiNWFlZA==,"パートナー, 人間関係",夫婦喧嘩,2025-04
2025/04/24,下級生に当たる息子,https://www.instagram.com/reel/DIzRk4Fz5JS/?utm_source=ig_web_copy_link&igsh=MzRlODBiNWFlZA==,"人間関係, 親子",未設定,2025-04
2025/04/23,昇格しました,https://www.instagram.com/reel/DIwsv1TzqR9/?utm_source=ig_web_copy_link&igsh=MzRlODBiNWFlZA==,嬉しい報告,調える,2025-04
2025/04/22,I hoach you,https://www.instagram.com/reel/DIuIgiOz4sT/?utm_source=ig_web_copy_link&igsh=MzRlODBiNWFlZA==,"パートナー, 人間関係, 嬉しい報告, 親子",放置,2025-04
2025/04/21,子どもを平等に,https://www.instagram.com/reel/DIrjITJTYl5/?utm_source=ig_web_copy_link&igsh=MzRlODBiNWFlZA==,親子,子育て,2025-04
2025/04/20,スマホを見る理由,https://www.instagram.com/reel/DImZoP0T7KS/?utm_source=ig_web_copy_link&igsh=MzRlODBiNWFlZA==,氣,スマホ依存,2025-04
2025/04/19,発達障害と診断された小2の娘,https://www.instagram.com/reel/DImaJ37zoBi/?utm_source=ig_web_copy_link&igsh=MzRlODBiNWFlZA==,"セミナー告知, 不登校, 嬉しい報告, 発達障害",ASD　癇癪,2025-04
2025/04/18,反面教師でイイの？,https://www.instagram.com/reel/DIj1TQUzfB8/?utm_source=ig_web_copy_link&igsh=MzRlODBiNWFlZA==,"人間関係, 親子",家族,2025-04
2025/04/17,思春期の子どもとの距離感,https://www.instagram.com/reel/DIhQhFyzt_p/?utm_source=ig_web_copy_link&igsh=MzRlODBiNWFlZA==,親子,子育て,2025-04
2025/04/16,気がついた人がやればいい？,https://www.instagram.com/reel/DIerPaDTsMk/?utm_source=ig_web_copy_link&igsh=MzRlODBiNWFlZA==,"パートナー, 人間関係",家事　片付け,2025-04
2025/04/15,娘と勉強した,https://www.instagram.com/reel/DIcGYXETTym/?utm_source=ig_web_copy_link&igsh=MzRlODBiNWFlZA==,"嬉しい報告, 親子",子育て,2025-04
2025/04/14,寂しがる彼,https://www.instagram.com/reel/DIZhmVbT9bX/?utm_source=ig_web_copy_link&igsh=MzRlODBiNWFlZA==,パートナー,依存,2025-04
2025/04/14,ス活の第二期受付は今日までです,https://www.instagram.com/reel/DIaT7qHzNAD/?utm_source=ig_web_copy_link&igsh=MzRlODBiNWFlZA==,セミナー告知,内股　股関節,2025-04
2025/04/13,表現にこだわるアーティストな子,https://www.instagram.com/reel/DIW9aikzxCd/?utm_source=ig_web_copy_link&igsh=MzRlODBiNWFlZA==,親子,子育て　チック,2025-04
2025/04/12,離婚したいと思っていた夫が…,https://www.instagram.com/reel/DIUYm41z0DE/?utm_source=ig_web_copy_link&igsh=MzRlODBiNWFlZA==,パートナー,離婚,2025-04
2025/04/11,自己責任。自分が選択した結果,https://www.instagram.com/reel/DIRzw2izkaG/?utm_source=ig_web_copy_link&igsh=MzRlODBiNWFlZA==,人間関係,自己責任,2025-04
2025/04/10,いじめてくる同級生,https://www.instagram.com/reel/DIPOZRRzPfg/?utm_source=ig_web_copy_link&igsh=MzRlODBiNWFlZA==,"人間関係, 親子",いじめ,2025-04
2025/04/09,子どもを接待,https://www.instagram.com/reel/DIMpqSYTIuC/?utm_source=ig_web_copy_link&igsh=MzRlODBiNWFlZA==,"人間関係, 氣",子育て　接待,2025-04
2025/04/08,ボウズのメンター,https://www.instagram.com/reel/DIKFYcdzzuL/?utm_source=ig_web_copy_link&igsh=MzRlODBiNWFlZA==,"人間関係, 氣",メンター,2025-04
2025/04/07,ダンナが言いたいコトを言ってくれない,https://www.instagram.com/reel/DIHgDxWzoc6/?utm_source=ig_web_copy_link&igsh=MzRlODBiNWFlZA==,パートナー,夫婦喧嘩,2025-04
2025/04/06,完璧主義は氣の乱れ？,https://www.instagram.com/reel/DIE72nHztru/?utm_source=ig_web_copy_link&igsh=MzRlODBiNWFlZA==,氣,完璧主義　プライド,2025-04
2025/04/05,八日目のモラ,https://www.instagram.com/reel/DICWc5FTVQc/?utm_source=ig_web_copy_link&igsh=MzRlODBiNWFlZA==,"パートナー, 親子",モラハラ,2025-04
2025/04/04,反りの合わない上司のいる会社,https://www.instagram.com/reel/DH_yRvnT7tW/?utm_source=ig_web_copy_link&igsh=MzRlODBiNWFlZA==,"人間関係, 氣",退職,2025-04
2025/04/03,息子の機嫌を取るのをやめてみた,https://www.instagram.com/reel/DH9NdtbTbsv/?utm_source=ig_web_copy_link&igsh=MzRlODBiNWFlZA==,"嬉しい報告, 親子",子育て　放置,2025-04
2025/04/02,冬休みに昼夜逆転,https://www.instagram.com/reel/DH6oDkfzVvl/?utm_source=ig_web_copy_link&igsh=MzRlODBiNWFlZA==,"生活習慣, 親子",昼夜逆転,2025-04
2025/04/01,外面で寄ってくるのは大人,https://www.instagram.com/reel/DH4D5ZrzWt2/?utm_source=ig_web_copy_link&igsh=MzRlODBiNWFlZA==,"人間関係, 氣",外面　嘘,2025-04
2025/04/01,調圧法の体の見方：経絡の反応を診る,https://www.instagram.com/reel/DH5Ryc7zF5R/?utm_source=ig_web_copy_link,セミナー告知,調圧法,2025-04
2025/03/31,職場でボウザーを発見,https://www.instagram.com/reel/DH1fARozTSZ/?utm_source=ig_web_copy_link&igsh=MzRlODBiNWFlZA==,嬉しい報告,ボウザー,2025-03
2025/03/30,放置と育児放棄,https://www.instagram.com/reel/DHy6OavT7kb/?utm_source=ig_web_copy_link&igsh=MzRlODBiNWFlZA==,親子,子育て,2025-03
2025/03/29,スパッと切る覚悟,https://www.instagram.com/reel/DHwVetbTw49/?utm_source=ig_web_copy_link&igsh=MzRlODBiNWFlZA==,パートナー,離婚,2025-03
2025/03/28,楽しい大人になって,https://www.instagram.com/reel/DHtwJUuThly/?utm_source=ig_web_copy_link&igsh=MzRlODBiNWFlZA==,"氣, 親子",家族　子育て,2025-03
2025/03/28,調圧法の体の見方：症状の原因を探す,https://www.instagram.com/reel/DHu_foOTlxf/?utm_source=ig_web_copy_link&igsh=MzRlODBiNWFlZA==,セミナー告知,調圧法,2025-03
2025/03/27,バッキバキの笑顔,https://www.instagram.com/reel/DHrLSBQTW3H/?utm_source=ig_web_copy_link&igsh=MzRlODBiNWFlZA==,嬉しい報告,外面,2025-03
2025/03/26,自分に自信を持つには？,https://www.instagram.com/reel/DHonHirzhRD/?utm_source=ig_web_copy_link&igsh=MzRlODBiNWFlZA==,氣,自信,2025-03
2025/03/25,みんながイイ人っていうあの人,https://www.instagram.com/reel/DHmCVUEzfTK/?utm_source=ig_web_copy_link&igsh=MzRlODBiNWFlZA==,"人間関係, 氣",本音,2025-03
2025/03/24,食べ物に良い悪いはナイ,https://www.instagram.com/reel/DHjc4Z3T4zP/?utm_source=ig_web_copy_link&igsh=MzRlODBiNWFlZA==,食事,食べ物,2025-03
2025/03/23,シンママと発達障害の息子,https://www.instagram.com/reel/DHg4Joxz9ai/?utm_source=ig_web_copy_link&igsh=MzRlODBiNWFlZA==,"嬉しい報告, 発達障害, 親子",親子関係　発達障害,2025-03
2025/03/23,空港でおにぎりに喜ぶ👨‍🦲,https://www.instagram.com/reel/DHiKHaGzkg9/?utm_source=ig_web_copy_link&igsh=MzRlODBiNWFlZA==,未設定,ボウズの話,2025-03
2025/03/22,適応障害と鬱で長く寝てしまう,https://www.instagram.com/reel/DHeT6OwzYSs/?utm_source=ig_web_copy_link&igsh=MzRlODBiNWFlZA==,"体調不良, 氣",鬱　適応障害,2025-03
2025/03/22,東洋医学の男と女、人間関係のキホン,https://www.instagram.com/reel/DHfhegez2kp/?utm_source=ig_web_copy_link&igsh=MzRlODBiNWFlZA==,セミナー告知,ダイジェスト,2025-03
2025/03/21,旦那のイイとこ教えてよ,https://www.instagram.com/reel/DHbvFI_z5Bm/?utm_source=ig_web_copy_link&igsh=MzRlODBiNWFlZA==,パートナー,夫婦,2025-03
2025/03/21,東洋医学の男と女、人間関係のキホン,https://www.instagram.com/reel/DHdGGEEum0S/?utm_source=ig_web_copy_link&igsh=MzRlODBiNWFlZA==,セミナー告知,ダイジェスト,2025-03
2025/03/20,占いで未来は分かるの？,https://www.instagram.com/reel/DHZJthkzbDL/?utm_source=ig_web_copy_link&igsh=MzRlODBiNWFlZA==,氣,九星気学,2025-03
2025/03/20,東洋医学の男と女、人間関係のキホン,https://www.instagram.com/reel/DHaYOynTQvR/?utm_source=ig_web_copy_link&igsh=MzRlODBiNWFlZA==,セミナー告知,ダイジェスト,2025-03
2025/03/19,氣を調えようよって話,https://www.instagram.com/reel/DHWk8sNzBwS/?utm_source=ig_web_copy_link&igsh=MzRlODBiNWFlZA==,氣,調える,2025-03
2025/03/18,夫婦仲が良くなった,https://www.instagram.com/reel/DHUAIscz3By/?utm_source=ig_web_copy_link&igsh=MzRlODBiNWFlZA==,"パートナー, 人間関係, 嬉しい報告",夫婦　ぶりっ子,2025-03
2025/03/17,ピルを服用している人の調え方,https://www.instagram.com/reel/DHRbUm4zSHd/?utm_source=ig_web_copy_link&igsh=MzRlODBiNWFlZA==,生理,ピル　PMS,2025-03
2025/03/16,ロングスリーパーを治したい,https://www.instagram.com/reel/DHO3E85z2FU/?utm_source=ig_web_copy_link&igsh=MzRlODBiNWFlZA==,氣,睡眠,2025-03
2025/03/15,子どもと向き合えない,https://www.instagram.com/reel/DHMRyeDzWMI/?utm_source=ig_web_copy_link&igsh=MzRlODBiNWFlZA==,親子,子育て,2025-03
2025/03/15,調圧法の治療デモ：反れない背中,https://www.instagram.com/reel/DHNk0rIzoAV/?utm_source=ig_web_copy_link&igsh=MzRlODBiNWFlZA==,セミナー告知,調圧法,2025-03
2025/03/14,調えるってすごい,https://www.instagram.com/reel/DHJs-7ezRek/?utm_source=ig_web_copy_link&igsh=MzRlODBiNWFlZA==,"嬉しい報告, 氣",調える,2025-03
2025/03/13,出産後の生理の再開,https://www.instagram.com/reel/DHHIJOuTrZT/?utm_source=ig_web_copy_link&igsh=MzRlODBiNWFlZA==,生理,出産,2025-03
2025/03/12,車酔い,https://www.instagram.com/reel/DHEj7g_zKD8/?utm_source=ig_web_copy_link&igsh=MzRlODBiNWFlZA==,"体調不良, 氣",車酔い,2025-03
2025/03/11,１７歳の娘と合わない,https://www.instagram.com/reel/DHB_LJkz0OQ/?utm_source=ig_web_copy_link&igsh=MzRlODBiNWFlZA==,"人間関係, 親子",子育て,2025-03
2025/03/10,がんばりたい人を変えることはできますか？,https://www.instagram.com/reel/DG_aVLWT--T/?utm_source=ig_web_copy_link&igsh=MzRlODBiNWFlZA==,人間関係,家族,2025-03
2025/03/10,東洋医学の男と女、人間関係のキホン,https://www.instagram.com/reel/DHAfrfqzboX/?utm_source=ig_web_copy_link&igsh=MzRlODBiNWFlZA==,セミナー告知,自分らしさ,2025-03
2025/03/09,調ってきた私と思春期の娘,https://www.instagram.com/reel/DG81haqTBas/?utm_source=ig_web_copy_link&igsh=MzRlODBiNWFlZA==,"体調不良, 嬉しい報告, 親子",子育て,2025-03
2025/03/08,この世界の設定,https://www.instagram.com/reel/DG6QJrGTql5/?utm_source=ig_web_copy_link&igsh=MzRlODBiNWFlZA==,氣,調える,2025-03
2025/03/07,ダラダラしたら家事が,https://www.instagram.com/reel/DG3rV0DT502/?utm_source=ig_web_copy_link&igsh=MzRlODBiNWFlZA==,"氣, 親子",ダラダラできない,2025-03
2025/03/06,怖い上司と転職希望,https://www.instagram.com/reel/DG1GkNITYXN/?utm_source=ig_web_copy_link&igsh=MzRlODBiNWFlZA==,人間関係,転職,2025-03
2025/03/05,生理が調ってきた,https://www.instagram.com/reel/DGyhw5RzPm0/?utm_source=ig_web_copy_link&igsh=MzRlODBiNWFlZA==,"嬉しい報告, 生理",PMS,2025-03
2025/03/04,糖質依存,https://www.instagram.com/reel/DGv9mkOzIb-/?utm_source=ig_web_copy_link&igsh=MzRlODBiNWFlZA==,食事,糖質依存,2025-03
2025/03/03,放置しても攻めてくる夫,https://www.instagram.com/reel/DGtYN4PTlK-/?utm_source=ig_web_copy_link&igsh=MzRlODBiNWFlZA==,"パートナー, 人間関係",モラハラ,2025-03
2025/03/02,子どもが調ってきた,https://www.instagram.com/reel/DGqzYe3zQQx/?utm_source=ig_web_copy_link&igsh=MzRlODBiNWFlZA==,"嬉しい報告, 親子",子育て,2025-03
2025/03/01,時間は大事！,https://www.instagram.com/reel/DGoOmftTbZ9/?utm_source=ig_web_copy_link&igsh=MzRlODBiNWFlZA==,人間関係,約束,2025-03
2025/02/28,51歳。今からでも変われますか？,https://www.instagram.com/reel/DGlqb_xTqUA/?utm_source=ig_web_copy_link&igsh=MzRlODBiNWFlZA==,氣,制限,2025-02
2025/02/27,女は愛嬌？,https://www.instagram.com/reel/DGjE-xBzGWU/?utm_source=ig_web_copy_link&igsh=MzRlODBiNWFlZA==,"人間関係, 氣",気疲れ,2025-02
2025/02/26,チョコの欲求が減った,https://www.instagram.com/reel/DGgg2x2TumH/?utm_source=ig_web_copy_link&igsh=MzRlODBiNWFlZA==,"嬉しい報告, 食事",甘いもの,2025-02
2025/02/25,ヒーロー気質の強い夫,https://www.instagram.com/reel/DGd7cAvzeO1/?utm_source=ig_web_copy_link&igsh=MzRlODBiNWFlZA==,"パートナー, 人間関係",夫婦,2025-02
2025/02/24,痔の治し方,https://www.instagram.com/reel/DGbWnp6z4oQ/?utm_source=ig_web_copy_link&igsh=MzRlODBiNWFlZA==,体調不良,痔,2025-02
2025/02/23,氣が調っているサインの見方,https://www.instagram.com/reel/DGYyZIhT2rM/?utm_source=ig_web_copy_link&igsh=MzRlODBiNWFlZA==,氣,調える,2025-02
2025/02/22,保育園で片足立ちをする息子,https://www.instagram.com/reel/DGWNqvITC2Z/?utm_source=ig_web_copy_link&igsh=MzRlODBiNWFlZA==,"嬉しい報告, 氣, 親子",イライラ,2025-02
2025/02/21,こんな占いは信じなくてイイ,https://www.instagram.com/reel/DGToTmpznn6/?utm_source=ig_web_copy_link&igsh=MzRlODBiNWFlZA==,氣,九星気学,2025-02
2025/02/20,最高の新しい職場,https://www.instagram.com/reel/DGREAM9zAy0/?utm_source=ig_web_copy_link&igsh=MzRlODBiNWFlZA==,"嬉しい報告, 氣",転職,2025-02
2025/02/19,副鼻腔炎,https://www.instagram.com/reel/DGOepasziT5/?utm_source=ig_web_copy_link,"体調不良, 食事",副鼻腔炎,2025-02
2025/02/18,親の失敗談を聞いてみよう,https://www.instagram.com/reel/DGL52VLTlyt/?utm_source=ig_web_copy_link&igsh=MzRlODBiNWFlZA==,"氣, 親子",失敗,2025-02
2025/02/17,冬になると夜泣き,https://www.instagram.com/reel/DGJVI27zl3k/?utm_source=ig_web_copy_link&igsh=MzRlODBiNWFlZA==,親子,夜泣き,2025-02
2025/02/16,しっかり寝たら笑顔が増えた,https://www.instagram.com/reel/DGGwUdrzT4o/?utm_source=ig_web_copy_link&igsh=MzRlODBiNWFlZA==,"嬉しい報告, 氣",頑張る　マジメ,2025-02
2025/02/15,子どもが産まれた,https://www.instagram.com/reel/DGELdEoTX4Y/?utm_source=ig_web_copy_link&igsh=MzRlODBiNWFlZA==,"氣, 親子",始めての経験,2025-02
2025/02/14,共感した気にならないで,https://www.instagram.com/reel/DGBmvsRzb8m/?utm_source=ig_web_copy_link&igsh=MzRlODBiNWFlZA==,"不登校, 人間関係",共感,2025-02
2025/02/13,いいね！すばらしいね！って言う子ども,https://www.instagram.com/reel/DF_B54zzdL6/?utm_source=ig_web_copy_link&igsh=MzRlODBiNWFlZA==,"嬉しい報告, 親子",がんばらない,2025-02
2025/02/12,子どもにとって心地いい親になりたい,https://www.instagram.com/reel/DF8du3BTjfc/?utm_source=ig_web_copy_link&igsh=MzRlODBiNWFlZA==,親子,自信,2025-02
2025/02/11,中学生のチックと暴言,https://www.instagram.com/reel/DFtAYgiTzH_/?utm_source=ig_web_copy_link&igsh=MzRlODBiNWFlZA==,"体調不良, 嬉しい報告, 親子",放置,2025-02
2025/02/11,厄年は変化の年,https://www.instagram.com/reel/DF546aSTbmT/?utm_source=ig_web_copy_link&igsh=MzRlODBiNWFlZA==,氣,厄年,2025-02
2025/02/10,自己肯定感を上げるには,https://www.instagram.com/reel/DF3UEskzAI_/?utm_source=ig_web_copy_link&igsh=MzRlODBiNWFlZA==,氣,自己肯定感,2025-02
2025/02/09,お母さん、竹を踏みなさい,https://www.instagram.com/reel/DF0vQprTWw8/?utm_source=ig_web_copy_link&igsh=MzRlODBiNWFlZA==,"嬉しい報告, 親子",調える,2025-02
2025/02/08,食べ比べをやってみて,https://www.instagram.com/reel/DFyKdwzzuL6/?utm_source=ig_web_copy_link&igsh=MzRlODBiNWFlZA==,食事,痰,2025-02
2025/02/08,調圧法の北村さんの出張治療のお知らせ,https://www.instagram.com/reel/DFzUXaBTced/?utm_source=ig_web_copy_link&igsh=MzRlODBiNWFlZA==,未設定,調圧法　告知,2025-02
2025/02/07,突き抜けて城を作ろう,https://www.instagram.com/reel/DFvlIDGz8kt/?utm_source=ig_web_copy_link&igsh=MzRlODBiNWFlZA==,氣,家出,2025-02
2025/02/06,テスト前はコンディションを調える,https://www.instagram.com/reel/DFtA3bITo_J/?utm_source=ig_web_copy_link&igsh=MzRlODBiNWFlZA==,"体調不良, 親子",潰瘍性大腸炎,2025-02
2025/02/05,お年玉　親が管理する？,https://www.instagram.com/reel/DFqcJ9ezVnU/?utm_source=ig_web_copy_link&igsh=MzRlODBiNWFlZA==,"氣, 親子",お金の使い方,2025-02
2025/02/04,突き抜けるって何？,https://www.instagram.com/reel/DFn2znlT5eR/?utm_source=ig_web_copy_link&igsh=MzRlODBiNWFlZA==,氣,妥協,2025-02
2025/02/03,氣の乱れは連鎖する,https://www.instagram.com/reel/DFlSk4nzu8P/?utm_source=ig_web_copy_link&igsh=MzRlODBiNWFlZA==,氣,氣の乱れ,2025-02
2025/02/03,調圧法体験会と治療のお知らせ,https://www.instagram.com/reel/DFmfMDFzF_q/?utm_source=ig_web_copy_link&igsh=MzRlODBiNWFlZA==,未設定,調圧法　告知,2025-02
2025/02/02,何度でも失敗してもイイ,https://www.instagram.com/reel/DFitJjDzC7g/?utm_source=ig_web_copy_link&igsh=MzRlODBiNWFlZA==,氣,失敗　経験,2025-02
2025/02/01,行き渋り。私の氣ってスゴイの,https://www.instagram.com/reel/DFgIXkez_zN/?utm_source=ig_web_copy_link&igsh=MzRlODBiNWFlZA==,"不登校, 嬉しい報告, 親子",のびのび,2025-02
2025/01/31,中途覚醒,https://www.instagram.com/reel/DFdkLEnT2Y3/?utm_source=ig_web_copy_link&igsh=MzRlODBiNWFlZA==,"体調不良, 氣, 食事",中途覚醒,2025-01
2025/01/30,よかれと忘れ物,https://www.instagram.com/reel/DFa_Z2WTamB/?utm_source=ig_web_copy_link&igsh=MzRlODBiNWFlZA==,"氣, 親子",よかれ,2025-01
2025/01/29,親子で氣の話,https://www.instagram.com/reel/DFYZ9RJTQh4/?utm_source=ig_web_copy_link&igsh=MzRlODBiNWFlZA==,"嬉しい報告, 親子",調える,2025-01
2025/01/28,お金の価値観,https://www.instagram.com/reel/DFV1Ixxzj8u/?utm_source=ig_web_copy_link&igsh=MzRlODBiNWFlZA==,"人間関係, 氣, 親子",価値観,2025-01
2025/01/27,恋愛で依存体質,https://www.instagram.com/reel/DFTQYd_zSaF/?utm_source=ig_web_copy_link&igsh=MzRlODBiNWFlZA==,"パートナー, 人間関係, 氣",恋愛,2025-01
2025/01/26,子どもの吃音,https://www.instagram.com/reel/DFQsMWFTGMv/?utm_source=ig_web_copy_link&igsh=MzRlODBiNWFlZA==,"嬉しい報告, 氣, 親子",吃音,2025-01
2025/01/25,お弁当辞める宣言,https://www.instagram.com/reel/DFOHZM5zAf0/?utm_source=ig_web_copy_link&igsh=MzRlODBiNWFlZA==,"嬉しい報告, 親子",マジメ,2025-01
2025/01/24,午前中にイライラしたボウズ,https://www.instagram.com/reel/DFLh9GcT3bh/?utm_source=ig_web_copy_link&igsh=MzRlODBiNWFlZA==,氣,感情,2025-01
2025/01/23,鎧のように固かった私,https://www.instagram.com/reel/DFI9QFSSPGp/?utm_source=ig_web_copy_link&igsh=MzRlODBiNWFlZA==,"嬉しい報告, 氣",外面,2025-01
2025/01/22,親の育て方が悪かった,https://www.instagram.com/reel/DFGYbCaRIFe/?utm_source=ig_web_copy_link&igsh=MzRlODBiNWFlZA==,親子,子育て,2025-01
2025/01/21,よかれと共依存,https://www.instagram.com/reel/DFDzqrDxDhN/?utm_source=ig_web_copy_link&igsh=MzRlODBiNWFlZA==,"人間関係, 親子",よかれ,2025-01
2025/01/20,食事の好みの変化,https://www.instagram.com/reel/DFBO0odzZQS/?utm_source=ig_web_copy_link&igsh=MzRlODBiNWFlZA==,"嬉しい報告, 食事",食の好み,2025-01
2025/01/19,テスト勉強をしない娘,https://www.instagram.com/reel/DE-qmjFzUjc/?utm_source=ig_web_copy_link&igsh=MzRlODBiNWFlZA==,"不登校, 氣, 親子",テスト勉強,2025-01
2025/01/18,異動願いを引き止められた,https://www.instagram.com/reel/DE8FwjGTd-c/?utm_source=ig_web_copy_link&igsh=MzRlODBiNWFlZA==,"人間関係, 氣",意見　壁,2025-01
2025/01/17,のびのびしたら家事を手伝うようになった娘,https://www.instagram.com/reel/DE5ggDfzQEG/?utm_source=ig_web_copy_link&igsh=MzRlODBiNWFlZA==,"嬉しい報告, 親子",手放す　放置,2025-01
2025/01/16,元気の良さと氣の乱れの違い,https://www.instagram.com/reel/DE27ptpzoiO/?utm_source=ig_web_copy_link&igsh=MzRlODBiNWFlZA==,"氣, 親子",個性　乱れ,2025-01
2025/01/15,のびのびといい加減,https://www.instagram.com/reel/DE0W6Cqz9Hz/?utm_source=ig_web_copy_link&igsh=MzRlODBiNWFlZA==,氣,のびのび,2025-01
2025/01/14,起こさないと切れる娘のその後,https://www.instagram.com/reel/DExylokTYzS/?utm_source=ig_web_copy_link&igsh=MzRlODBiNWFlZA==,"嬉しい報告, 親子",自立,2025-01
2025/01/13,お祓いに行った方がいい？,https://www.instagram.com/reel/DEvNUp1z3ee/?utm_source=ig_web_copy_link&igsh=MzRlODBiNWFlZA==,氣,お祓い　自立,2025-01
2025/01/12,気配りの人,https://www.instagram.com/reel/DEsn24uTkK3/?utm_source=ig_web_copy_link&igsh=MzRlODBiNWFlZA==,"人間関係, 氣",気配り　外面,2025-01
2025/01/11,怒鳴る上司を放置したら…,https://www.instagram.com/reel/DEqDq5DTI2G/?utm_source=ig_web_copy_link&igsh=MzRlODBiNWFlZA==,"人間関係, 嬉しい報告",放置　がんばらない,2025-01
2025/01/10,氣の調え方,https://www.instagram.com/reel/DEne3gtzoMO/?utm_source=ig_web_copy_link&igsh=MzRlODBiNWFlZA==,氣,マジメ　調える,2025-01
2025/01/09,よく風邪をひく,https://www.instagram.com/reel/DEk6HTIzt2u/?utm_source=ig_web_copy_link&igsh=MzRlODBiNWFlZA==,体調不良,風邪,2025-01
2025/01/08,人の好き嫌いどう活かしてる？,https://www.instagram.com/reel/DEiVSeZTef2/?utm_source=ig_web_copy_link&igsh=MzRlODBiNWFlZA==,"人間関係, 氣",人付き合い　,2025-01
2025/01/07,準備がスムーズに,https://www.instagram.com/reel/DEfwhMCzO2r/?utm_source=ig_web_copy_link&igsh=MzRlODBiNWFlZA==,"嬉しい報告, 氣",氣の流れ,2025-01
2025/01/06,機嫌が悪い,https://www.instagram.com/reel/DEdLuOlTnLq/?utm_source=ig_web_copy_link&igsh=MzRlODBiNWFlZA==,"人間関係, 氣",イライラ　機嫌が悪い,2025-01
2025/01/05,姑の言葉の裏を読む,https://www.instagram.com/reel/DEalzflTRO-/?utm_source=ig_web_copy_link&igsh=MzRlODBiNWFlZA==,人間関係,姑　義理の家族,2025-01
2025/01/04,和を乱すな！,https://www.instagram.com/reel/DEX_2aDziC6/?utm_source=ig_web_copy_link&igsh=MzRlODBiNWFlZA==,人間関係,絆　放置,2025-01
2025/01/03,小さな自分,https://www.instagram.com/reel/DEVcv6NzCLO/?utm_source=ig_web_copy_link&igsh=MzRlODBiNWFlZA==,"人間関係, 氣",外面,2025-01
2025/01/02,私の氣ってすごい！,https://www.instagram.com/reel/DES3az4TBOM/?utm_source=ig_web_copy_link&igsh=MzRlODBiNWFlZA==,"人間関係, 氣",調える,2025-01
2025/01/02,お休みに東洋医学のお勉強,https://www.instagram.com/reel/DEUDk8AzvnX/?utm_source=ig_web_copy_link&igsh=MzRlODBiNWFlZA==,セミナー告知,勉強したい,2025-01
2025/01/01,知らないことは仕方ないこと,https://www.instagram.com/reel/DEPzrRTTPIH/?utm_source=ig_web_copy_link&igsh=MzRlODBiNWFlZA==,氣,知りたい　活かしたい,2025-01
2024/12/31,好きにして,https://www.instagram.com/reel/DENu5uizMsb/?utm_source=ig_web_copy_link&igsh=MzRlODBiNWFlZA==,氣,未設定,2024-12
2024/12/30,もっと調う氣のサイン,https://www.instagram.com/reel/DELKHDITcVI/?utm_source=ig_web_copy_link&igsh=MzRlODBiNWFlZA==,"人間関係, 氣",未設定,2024-12
2024/12/29,38歳で気づいた,https://www.instagram.com/reel/DEIl8EkzU5A/?utm_source=ig_web_copy_link&igsh=MzRlODBiNWFlZA==,"嬉しい報告, 氣",未設定,2024-12
2024/12/28,ヘビースモーカーの夫,https://www.instagram.com/reel/DEGBtnczQ_V/?utm_source=ig_web_copy_link&igsh=MzRlODBiNWFlZA==,"パートナー, 人間関係",未設定,2024-12
2024/12/27,器が小さい,https://www.instagram.com/reel/DEDbzCHzcp-/?utm_source=ig_web_copy_link&igsh=MzRlODBiNWFlZA==,氣,未設定,2024-12
2024/12/26,小言が多いので放置を宣言,https://www.instagram.com/reel/DEA270_zEOW/?utm_source=ig_web_copy_link&igsh=MzRlODBiNWFlZA==,人間関係,未設定,2024-12
2024/12/25,オシャレって難しい,https://www.instagram.com/reel/DD-SJzXz-ft/?utm_source=ig_web_copy_link&igsh=MzRlODBiNWFlZA==,未設定,ボウズの話,2024-12
2024/12/24,ボウザー友達ができた,https://www.instagram.com/reel/DD7ujIlz97l/?utm_source=ig_web_copy_link&igsh=MzRlODBiNWFlZA==,嬉しい報告,未設定,2024-12
2024/12/23,完璧な家事を手放した,https://www.instagram.com/reel/DD5JHNkT94O/?utm_source=ig_web_copy_link&igsh=MzRlODBiNWFlZA==,嬉しい報告,未設定,2024-12
2024/12/22,失敗を活かす,https://www.instagram.com/reel/DD2ju0izvDa/?utm_source=ig_web_copy_link&igsh=MzRlODBiNWFlZA==,氣,未設定,2024-12
2024/12/21,ママと喧嘩　怒られて悲しい,https://www.instagram.com/reel/DDz_BvuzxYf/?utm_source=ig_web_copy_link&igsh=MzRlODBiNWFlZA==,親子,未設定,2024-12
2024/12/20,ぎっくり腰,https://www.instagram.com/reel/DDxaKWcTDeJ/?utm_source=ig_web_copy_link&igsh=MzRlODBiNWFlZA==,"氣, 生活習慣, 食事",腰痛,2024-12
2024/12/19,誘われなくて寂しい,https://www.instagram.com/reel/DDu1Z8Gzn14/?utm_source=ig_web_copy_link&igsh=MzRlODBiNWFlZA==,"人間関係, 氣",未設定,2024-12
2024/12/17,義理の親族に息苦しさ,https://www.instagram.com/reel/DDprSKJT-3k/?utm_source=ig_web_copy_link&igsh=MzRlODBiNWFlZA==,人間関係,未設定,2024-12
2024/12/16,外面作らないと愛想が悪い,https://www.instagram.com/reel/DDnHCGATc9Y/?utm_source=ig_web_copy_link&igsh=MzRlODBiNWFlZA==,人間関係,未設定,2024-12
2024/12/15,後輩から相談される優しい先輩,https://www.instagram.com/reel/DDkiKDmTIzy/?utm_source=ig_web_copy_link&igsh=MzRlODBiNWFlZA==,"人間関係, 嬉しい報告",未設定,2024-12
2024/12/14,ボウズが目指す最終目標,https://www.instagram.com/reel/DDh9dsZzC_r/?utm_source=ig_web_copy_link&igsh=MzRlODBiNWFlZA==,氣,ボウズの話,2024-12
2024/12/13,氣が調ってもイライラする,https://www.instagram.com/reel/DDfYBOzzmmK/?utm_source=ig_web_copy_link&igsh=MzRlODBiNWFlZA==,氣,未設定,2024-12
2024/12/12,過保護,https://www.instagram.com/reel/DDdVR7BzZPI/?utm_source=ig_web_copy_link&igsh=MzRlODBiNWFlZA==,親子,未設定,2024-12
2024/12/11,会話のキャッチボール,https://www.instagram.com/reel/DDaPB9Zzrq9/?utm_source=ig_web_copy_link&igsh=MzRlODBiNWFlZA==,"パートナー, 人間関係",未設定,2024-12
2024/12/10,６７歳で気がついた,https://www.instagram.com/reel/DDXqMHHTe0Q/?utm_source=ig_web_copy_link&igsh=MzRlODBiNWFlZA==,"嬉しい報告, 氣",未設定,2024-12
2024/12/09,前向きになれない,https://www.instagram.com/reel/DDVGD5QTWq0/?utm_source=ig_web_copy_link&igsh=MzRlODBiNWFlZA==,氣,未設定,2024-12
2024/12/07,新しい週に向けて,https://www.instagram.com/reel/DDP74ZlzoGf/?utm_source=ig_web_copy_link&igsh=MzRlODBiNWFlZA==,氣,黒歴史,2024-12
2024/12/06,東洋医学の食事のキホン,https://www.instagram.com/reel/DDNXA4uTk-h/?utm_source=ig_web_copy_link&igsh=MzRlODBiNWFlZA==,セミナー告知,未設定,2024-12
2024/12/05,子どもも落ち着くスクワット,https://www.instagram.com/reel/DDKy3zOTvjS/?utm_source=ig_web_copy_link&igsh=MzRlODBiNWFlZA==,"人間関係, 氣",孫,2024-12
2024/12/04,すばらしい関係,https://www.instagram.com/reel/DDINfYIz3o6/?utm_source=ig_web_copy_link&igsh=MzRlODBiNWFlZA==,"人間関係, 嬉しい報告, 親子",未設定,2024-12
2024/12/03,ファスティング（断食）ってどう思う？,https://www.instagram.com/reel/DDFoqWIzgUW/?utm_source=ig_web_copy_link&igsh=MzRlODBiNWFlZA==,食事,未設定,2024-12
2024/12/02,マジメをこじらせる,https://www.instagram.com/reel/DDDEfUdTI07/?utm_source=ig_web_copy_link&igsh=MzRlODBiNWFlZA==,氣,未設定,2024-12
2024/12/01,氣見える？特殊能力あるの？,https://www.instagram.com/reel/DDAfERYzoH8/?utm_source=ig_web_copy_link&igsh=MzRlODBiNWFlZA==,氣,ボウズの話,2024-12
2024/11/30,子どものお願い断ってイイの？,https://www.instagram.com/reel/DC96QGGTOFj/?utm_source=ig_web_copy_link&igsh=MzRlODBiNWFlZA==,"人間関係, 親子",未設定,2024-11
2024/11/29,マフィン食べた罪悪感,https://www.instagram.com/reel/DC7WDCPT2rL/?utm_source=ig_web_copy_link&igsh=MzRlODBiNWFlZA==,"体調不良, 食事",難聴,2024-11
2024/11/28,疲れたら休むようにしてみたら…,https://www.instagram.com/reel/DC4wGh8TV55/?utm_source=ig_web_copy_link&igsh=MzRlODBiNWFlZA==,"不登校, 嬉しい報告, 氣",未設定,2024-11
2024/11/27,生理前のイライラ,https://www.instagram.com/reel/DC2L7qlTP8T/?utm_source=ig_web_copy_link&igsh=MzRlODBiNWFlZA==,生理,PMS,2024-11
2024/11/26,よかれにお返しいる？,https://www.instagram.com/reel/DCznpSRT3si/?utm_source=ig_web_copy_link&igsh=MzRlODBiNWFlZA==,"人間関係, 氣",未設定,2024-11
2024/11/25,体の声を聞いてね,https://www.instagram.com/reel/DCxCXafTaTj/?utm_source=ig_web_copy_link&igsh=MzRlODBiNWFlZA==,体調不良,未設定,2024-11
2024/11/24,アンガーマネジメント,https://www.instagram.com/reel/DCueF11zOul/?utm_source=ig_web_copy_link,氣,未設定,2024-11
2024/11/23,よかれを飲み込んでみた,https://www.instagram.com/reel/DCr4rg-TNsw/?utm_source=ig_web_copy_link&igsh=MzRlODBiNWFlZA==,人間関係,未設定,2024-11
2024/11/22,子どもの偏食,https://www.instagram.com/reel/DCpUeOWzlSs/?utm_source=ig_web_copy_link&igsh=MzRlODBiNWFlZA==,食事,未設定,2024-11
2024/11/21,変えるにも氣が必要,https://www.instagram.com/reel/DCmvskOzi2n/?utm_source=ig_web_copy_link&igsh=MzRlODBiNWFlZA==,"不登校, 親子",未設定,2024-11
2024/11/20,小言が多い,https://www.instagram.com/reel/DCkKUy6znoh/?utm_source=ig_web_copy_link&igsh=MzRlODBiNWFlZA==,人間関係,未設定,2024-11
2024/11/19,外面やめてみた,https://www.instagram.com/reel/DChlhFdTKFn/?utm_source=ig_web_copy_link&igsh=MzRlODBiNWFlZA==,"人間関係, 嬉しい報告",未設定,2024-11
2024/11/18,チックと外で暴言,https://www.instagram.com/reel/DCfBXgsTPvG/?utm_source=ig_web_copy_link&igsh=MzRlODBiNWFlZA==,"体調不良, 親子",未設定,2024-11
2024/11/17,キレてる人の接し方,https://www.instagram.com/reel/DCccAkWTItU/?utm_source=ig_web_copy_link&igsh=MzRlODBiNWFlZA==,人間関係,未設定,2024-11
2024/11/16,夜泣き　親の氣はどんな状態？,https://www.instagram.com/reel/DCZ3Jc9zr4c/?utm_source=ig_web_copy_link&igsh=MzRlODBiNWFlZA==,親子,未設定,2024-11
2024/11/15,膝痛と運動,https://www.instagram.com/reel/DCXSX_bTMKN/?utm_source=ig_web_copy_link&igsh=MzRlODBiNWFlZA==,嬉しい報告,トレーニング,2024-11
2024/11/14,のびのびとマジメ,https://www.instagram.com/reel/DCUtjfyT_En/?utm_source=ig_web_copy_link&igsh=MzRlODBiNWFlZA==,"不登校, 親子",未設定,2024-11
2024/11/14,マジメを手放す冬の暮らし方,https://www.instagram.com/reel/DCV0jN7TPtl/?utm_source=ig_web_copy_link&igsh=MzRlODBiNWFlZA==,セミナー告知,五行ライフ　冬,2024-11
2024/11/13,みんな大丈夫,https://www.instagram.com/reel/DCSIvYXzJ60/?utm_source=ig_web_copy_link&igsh=MzRlODBiNWFlZA==,"人間関係, 氣",未設定,2024-11
2024/11/12,ダラダラしてごらん,https://www.instagram.com/reel/DCPklB4zoQ6/?utm_source=ig_web_copy_link&igsh=MzRlODBiNWFlZA==,氣,未設定,2024-11
2024/11/11,進む方向を確かめてくれる人,https://www.instagram.com/reel/DCM_s6FTt6k/?utm_source=ig_web_copy_link&igsh=MzRlODBiNWFlZA==,人間関係,未設定,2024-11
2024/11/10,夫が出張でのびのび,https://www.instagram.com/reel/DCKbA3YTK9Q/?utm_source=ig_web_copy_link&igsh=MzRlODBiNWFlZA==,パートナー,未設定,2024-11
2024/11/09,自分で氣を調える６歳,https://www.instagram.com/reel/DCH1igOTv4c/?utm_source=ig_web_copy_link&igsh=MzRlODBiNWFlZA==,"嬉しい報告, 氣",未設定,2024-11
2024/11/08,放置と手を貸す,https://www.instagram.com/reel/DCFQLgezTDQ/?utm_source=ig_web_copy_link&igsh=MzRlODBiNWFlZA==,人間関係,未設定,2024-11
2024/11/07,ボウズもツボ知ってるの？,https://www.instagram.com/reel/DCCtL9dzg96/?utm_source=ig_web_copy_link&igsh=MzRlODBiNWFlZA==,氣,ボウズの話,2024-11
2024/11/07,ナチュラルな冬の暮らし方,https://www.instagram.com/reel/DCDy8CAz1fh/?utm_source=ig_web_copy_link&igsh=MzRlODBiNWFlZA==,セミナー告知,五行ライフ　冬,2024-11
2024/11/06,喉に何かある感じがする梅核氣,https://www.instagram.com/reel/DCAHK7BTeIx/?utm_source=ig_web_copy_link&igsh=MzRlODBiNWFlZA==,体調不良,未設定,2024-11
2024/11/05,イヤイヤ期,https://www.instagram.com/reel/DB9idVFTw4L/?utm_source=ig_web_copy_link&igsh=MzRlODBiNWFlZA==,親子,未設定,2024-11
2024/11/04,冬になると人寂しく感じる,https://www.instagram.com/reel/DB69q6SzTlR/?utm_source=ig_web_copy_link&igsh=MzRlODBiNWFlZA==,"人間関係, 氣",未設定,2024-11
2024/11/03,起立性調節障害,https://www.instagram.com/reel/DB4Y3m7zPM5/?utm_source=ig_web_copy_link&igsh=MzRlODBiNWFlZA==,"体調不良, 嬉しい報告",未設定,2024-11
2024/11/02,楽しくなると暴走する娘,https://www.instagram.com/reel/DB10pmGTqQs/?utm_source=ig_web_copy_link&igsh=MzRlODBiNWFlZA==,親子,未設定,2024-11
2024/11/01,飲んだら振り返る,https://www.instagram.com/reel/DBzSoSszz6A/?utm_source=ig_web_copy_link&igsh=MzRlODBiNWFlZA==,"生活習慣, 食事",未設定,2024-11
2024/11/01,夏と冬。同じ暮らし方？,https://www.instagram.com/reel/DB0WLMazFhL/?utm_source=ig_web_copy_link&igsh=MzRlODBiNWFlZA==,セミナー告知,五行ライフ　冬,2024-11
2024/10/31,話してみたら苦手→素敵,https://www.instagram.com/reel/DBwqaKjz_RN/?utm_source=ig_web_copy_link&igsh=MzRlODBiNWFlZA==,"人間関係, 嬉しい報告",未設定,2024-10
2024/10/30,イケメンで氣は調うのか？,https://www.instagram.com/reel/DBuGQXezUiY/?utm_source=ig_web_copy_link&igsh=MzRlODBiNWFlZA==,氣,未設定,2024-10
2024/10/29,指摘されるのがイヤ！,https://www.instagram.com/reel/DBrhdnbTGgi/?utm_source=ig_web_copy_link&igsh=MzRlODBiNWFlZA==,親子,未設定,2024-10
2024/10/28,３組それぞれの夫婦関係,https://www.instagram.com/reel/DBo8FUFzkYH/?utm_source=ig_web_copy_link&igsh=MzRlODBiNWFlZA==,パートナー,未設定,2024-10
2024/10/27,コミュ力,https://www.instagram.com/reel/DBmXN59zclh/?utm_source=ig_web_copy_link&igsh=MzRlODBiNWFlZA==,人間関係,未設定,2024-10
2024/10/26,不登校の娘と学校　二日後,https://www.instagram.com/reel/DBjzF1PzGEf/?utm_source=ig_web_copy_link&igsh=MzRlODBiNWFlZA==,"不登校, 嬉しい報告, 親子",未設定,2024-10
2024/10/25,不登校の娘と学校,https://www.instagram.com/reel/DBhNswNTCLj/?utm_source=ig_web_copy_link&igsh=MzRlODBiNWFlZA==,"不登校, 親子",未設定,2024-10
2024/10/24,バイキングって便利,https://www.instagram.com/reel/DBesRi6PkFM/?utm_source=ig_web_copy_link&igsh=MzRlODBiNWFlZA==,食事,未設定,2024-10
2024/10/23,寝坊してキレる娘,https://www.instagram.com/reel/DBcDiBTTTSo/?utm_source=ig_web_copy_link&igsh=MzRlODBiNWFlZA==,親子,未設定,2024-10
2024/10/22,宿題を続けたら痩せてスッキリ,https://www.instagram.com/reel/DBZfPeYzZ7j/?utm_source=ig_web_copy_link&igsh=MzRlODBiNWFlZA==,嬉しい報告,トレーニング,2024-10
2024/10/21,冬の優しい暮らし方,https://www.instagram.com/reel/DBYf-Lrv4OS/?utm_source=ig_web_copy_link&igsh=MzRlODBiNWFlZA==,セミナー告知,五行ライフ　冬,2024-10
2024/10/21,親のために学校に行く子,https://www.instagram.com/reel/DBW7BUBTjDq/?utm_source=ig_web_copy_link&igsh=MzRlODBiNWFlZA==,"不登校, 親子",未設定,2024-10
2024/10/20,感謝の気持ちが湧く時,https://www.instagram.com/reel/DBUWS8fzY21/?utm_source=ig_web_copy_link&igsh=MzRlODBiNWFlZA==,氣,未設定,2024-10
2024/10/19,大病している人にできること,https://www.instagram.com/reel/DBRxdkzTy5l/?utm_source=ig_web_copy_link&igsh=MzRlODBiNWFlZA==,体調不良,未設定,2024-10
2024/10/18,子どもに一喜一憂,https://www.instagram.com/reel/DBPMpGxTc58/?utm_source=ig_web_copy_link&igsh=MzRlODBiNWFlZA==,"不登校, 嬉しい報告, 親子",未設定,2024-10
2024/10/17,自分に合わせた献立にしたら…,https://www.instagram.com/reel/DBMn5mczUYR/?utm_source=ig_web_copy_link&igsh=MzRlODBiNWFlZA==,"人間関係, 嬉しい報告",未設定,2024-10
2024/10/16,嘘をつく娘,https://www.instagram.com/reel/DBKDCzDT_1v/?utm_source=ig_web_copy_link&igsh=MzRlODBiNWFlZA==,親子,未設定,2024-10
2024/10/15,若い頃外面を作っていたボウズ,https://www.instagram.com/reel/DBHeTyQzELe/?utm_source=ig_web_copy_link&igsh=MzRlODBiNWFlZA==,人間関係,ボウズの話,2024-10
2024/10/14,陰陽五行で本当の自分を知る,https://www.instagram.com/reel/DBFo_z4vy8c/?utm_source=ig_web_copy_link&igsh=MzRlODBiNWFlZA==,セミナー告知,陰陽五行で本当の自分を知る,2024-10
2024/10/14,苦手な上司もナイス上司,https://www.instagram.com/reel/DBE47TKTaqb/?utm_source=ig_web_copy_link&igsh=MzRlODBiNWFlZA==,人間関係,未設定,2024-10
2024/10/13,良い悪いなんてない,https://www.instagram.com/reel/DBCUwanz1cx/?utm_source=ig_web_copy_link&igsh=MzRlODBiNWFlZA==,氣,未設定,2024-10
2024/10/12,適応障害と不安症で休職中,https://www.instagram.com/reel/DA_v4gpz72v/?utm_source=ig_web_copy_link&igsh=MzRlODBiNWFlZA==,"体調不良, 嬉しい報告",未設定,2024-10
2024/10/11,ありがとうって言われたい,https://www.instagram.com/reel/DA9KhQozIzV/?utm_source=ig_web_copy_link&igsh=MzRlODBiNWFlZA==,"パートナー, 人間関係",未設定,2024-10
2024/10/10,東洋医学の食事のキホン,https://www.instagram.com/reel/DA8EkIpvo5B/?utm_source=ig_web_copy_link&igsh=MzRlODBiNWFlZA==,セミナー告知,東洋医学の食事のキホン,2024-10
2024/10/10,断る練習,https://www.instagram.com/reel/DA6lwK4zLmk/?utm_source=ig_web_copy_link&igsh=MzRlODBiNWFlZA==,人間関係,未設定,2024-10
2024/10/09,反抗期とお弁当,https://www.instagram.com/reel/DA4A-NRTW-6/?utm_source=ig_web_copy_link&igsh=MzRlODBiNWFlZA==,親子,未設定,2024-10
2024/10/08,体に優しい食事,https://www.instagram.com/reel/DA2ukjrTGfS/?utm_source=ig_web_copy_link&igsh=MzRlODBiNWFlZA==,"セミナー告知, 食事",東洋医学の食事のキホン,2024-10
2024/10/08,ちっこを楽しむ,https://www.instagram.com/reel/DA1cHGCTybu/?utm_source=ig_web_copy_link&igsh=MzRlODBiNWFlZA==,"パートナー, 人間関係",ボウズの話,2024-10
2024/10/07,アロマってどう？,https://www.instagram.com/reel/DAy3VjVzzcJ/?utm_source=ig_web_copy_link&igsh=MzRlODBiNWFlZA==,氣,未設定,2024-10
2024/10/06,忙しい時の食事と睡眠,https://www.instagram.com/reel/DAwTK-fTlgn/?utm_source=ig_web_copy_link&igsh=MzRlODBiNWFlZA==,"生活習慣, 食事",未設定,2024-10
2024/10/05,のびのびしたら子どもと体重が…,https://www.instagram.com/reel/DAtuS4mTFew/?utm_source=ig_web_copy_link&igsh=MzRlODBiNWFlZA==,"嬉しい報告, 親子",未設定,2024-10
2024/10/04,不平等でズルいって思う,https://www.instagram.com/reel/DArJj5UzEJl/?utm_source=ig_web_copy_link&igsh=MzRlODBiNWFlZA==,氣,未設定,2024-10
2024/10/03,嫌な夢を見たボウズ,https://www.instagram.com/reel/DAokwqiTA53/?utm_source=ig_web_copy_link&igsh=MzRlODBiNWFlZA==,氣,ボウズの話,2024-10
2024/10/02,体に優しい食事,https://www.instagram.com/reel/DAnSYEYTv7u/?utm_source=ig_web_copy_link&igsh=MzRlODBiNWFlZA==,"セミナー告知, 食事",東洋医学の食事のキホン,2024-10
2024/10/02,９時に寝てみたら,https://www.instagram.com/reel/DAl_8bMzT8K/?utm_source=ig_web_copy_link&igsh=MzRlODBiNWFlZA==,"嬉しい報告, 生活習慣",未設定,2024-10
2024/10/01,ボーっとしてよ,https://www.instagram.com/reel/DAjbJTMT3YY/?utm_source=ig_web_copy_link&igsh=MzRlODBiNWFlZA==,氣,未設定,2024-10
2024/09/30,氣を吸う人がいるって言うけど…,https://www.instagram.com/reel/DAg25tBzU_T/?utm_source=ig_web_copy_link&igsh=MzRlODBiNWFlZA==,人間関係,未設定,2024-09
2024/09/29,食べても食べても食べたい,https://www.instagram.com/reel/DAeRAWuTP1L/?utm_source=ig_web_copy_link&igsh=MzRlODBiNWFlZA==,"セミナー告知, 食事",食欲　東洋医学の食事のキホン,2024-09
2024/09/28,買い物と氣,https://www.instagram.com/reel/DAbsvHhzYuh/?utm_source=ig_web_copy_link&igsh=MzRlODBiNWFlZA==,氣,未設定,2024-09
2024/09/27,自分の買い物が苦手,https://www.instagram.com/reel/DAZH-M0y1fa/?utm_source=ig_web_copy_link&igsh=MzRlODBiNWFlZA==,氣,未設定,2024-09
2024/09/26,家事は大事,https://www.instagram.com/reel/DAWiofjSZsX/?utm_source=ig_web_copy_link&igsh=MzRlODBiNWFlZA==,生活習慣,未設定,2024-09
2024/09/25,のびのびしたら結婚しました,https://www.instagram.com/reel/DAT-W1szWhA/?utm_source=ig_web_copy_link&igsh=MzRlODBiNWFlZA==,"パートナー, 嬉しい報告",未設定,2024-09
2024/09/24,苦手なお客さんはすごくイイ人,https://www.instagram.com/reel/DARZlbQzKCU/?utm_source=ig_web_copy_link&igsh=MzRlODBiNWFlZA==,人間関係,未設定,2024-09
2024/09/22,体に優しい食事,https://www.instagram.com/reel/DANnbCuvvUL/?utm_source=ig_web_copy_link&igsh=MzRlODBiNWFlZA==,"セミナー告知, 食事",東洋医学の食事のキホン,2024-09
2024/09/22,子どもと一緒に早く寝たら,https://www.instagram.com/reel/DAMQDNvzOcY/?utm_source=ig_web_copy_link&igsh=MzRlODBiNWFlZA==,"嬉しい報告, 生活習慣, 親子",未設定,2024-09
2024/09/21,小さい頃の食事の経験,https://www.instagram.com/reel/DAJry84zKsn/?utm_source=ig_web_copy_link&igsh=MzRlODBiNWFlZA==,食事,未設定,2024-09
2024/09/20,赤ちゃん返り。2人目が欲しいけど…,https://www.instagram.com/reel/DAHGdwVziUR/?utm_source=ig_web_copy_link&igsh=MzRlODBiNWFlZA==,"氣, 親子",未設定,2024-09
2024/09/19,不調が消えた。チョコもいらなくなった,https://www.instagram.com/reel/DAEhpeszszm/?utm_source=ig_web_copy_link&igsh=MzRlODBiNWFlZA==,"嬉しい報告, 食事",未設定,2024-09
2024/09/18,完璧を目指さないで,https://www.instagram.com/reel/DAB83qTTIsr/?utm_source=ig_web_copy_link&igsh=MzRlODBiNWFlZA==,氣,未設定,2024-09
2024/09/17,大人と子どもの違い,https://www.instagram.com/reel/C__YAiVzjKS/?utm_source=ig_web_copy_link&igsh=MzRlODBiNWFlZA==,"セミナー告知, 親子",五行ライフ〜土用編,2024-09
2024/09/16,よかれはいらない,https://www.instagram.com/reel/C_8zRWKzjSG/?utm_source=ig_web_copy_link&igsh=MzRlODBiNWFlZA==,人間関係,未設定,2024-09
2024/09/15,逃げたいけど、逃げられない,https://www.instagram.com/reel/C_6N38mzs_D/?utm_source=ig_web_copy_link&igsh=MzRlODBiNWFlZA==,氣,未設定,2024-09
2024/09/14,職場の氣が調うを実感した,https://www.instagram.com/reel/C_3pn1uzxeM/?utm_source=ig_web_copy_link&igsh=MzRlODBiNWFlZA==,"人間関係, 嬉しい報告",未設定,2024-09
2024/09/13,ちょっかいを出す子,https://www.instagram.com/reel/C_1E2bVz3Tl/?utm_source=ig_web_copy_link&igsh=MzRlODBiNWFlZA==,親子,未設定,2024-09
2024/09/12,違いの分かる息子,https://www.instagram.com/reel/C_ygAgDzTYx/?utm_source=ig_web_copy_link&igsh=MzRlODBiNWFlZA==,"嬉しい報告, 親子, 食事",未設定,2024-09
2024/09/11,ちっこの作戦,https://www.instagram.com/reel/C_xNDt0TwJz/?utm_source=ig_web_copy_link&igsh=MzRlODBiNWFlZA==,未設定,ボウズの話,2024-09
2024/09/11,不登校。ボウズからの宿題,https://www.instagram.com/reel/C_v7PlwTEEp/?utm_source=ig_web_copy_link&igsh=MzRlODBiNWFlZA==,"不登校, 親子",未設定,2024-09
2024/09/10,ゆる〜い世界を見せてあげる,https://www.instagram.com/reel/C_tWhidyskM/?utm_source=ig_web_copy_link&igsh=MzRlODBiNWFlZA==,氣,未設定,2024-09
2024/09/09,セミナーの日のVLOG,https://www.instagram.com/reel/C_sMF2ry5OV/?utm_source=ig_web_copy_link&igsh=MzRlODBiNWFlZA==,セミナー告知,五行ライフ〜秋編,2024-09
2024/09/08,どんなボウズになれるかな？,https://www.instagram.com/reel/C_oM6FpSdL5/?utm_source=ig_web_copy_link&igsh=MzRlODBiNWFlZA==,未設定,ボウズの話,2024-09
2024/09/07,マザコンになるぞって言う夫,https://www.instagram.com/reel/C_lotkfTGdd/?utm_source=ig_web_copy_link&igsh=MzRlODBiNWFlZA==,"パートナー, 親子",未設定,2024-09
2024/09/06,働いている俺の方がエラい？,https://www.instagram.com/reel/C_kd9AeSpcb/?utm_source=ig_web_copy_link&igsh=MzRlODBiNWFlZA==,パートナー,未設定,2024-09
2024/09/06,寂しい。どうしたらイイの？,https://www.instagram.com/reel/C_jDUyPTHOT/?utm_source=ig_web_copy_link&igsh=MzRlODBiNWFlZA==,人間関係,未設定,2024-09
2024/09/05,人の行動を見てどう活かす？,https://www.instagram.com/reel/C_gegpYz4iS/?utm_source=ig_web_copy_link&igsh=MzRlODBiNWFlZA==,人間関係,未設定,2024-09
2024/09/04,体の湿気対策と氣の話,https://www.instagram.com/reel/C_fJMKQTaOo/?utm_source=ig_web_copy_link&igsh=MzRlODBiNWFlZA==,セミナー告知,五行ライフ〜秋編,2024-09
2024/09/04,風邪予防,https://www.instagram.com/reel/C_d5q1NTyap/?utm_source=ig_web_copy_link&igsh=MzRlODBiNWFlZA==,体調不良,未設定,2024-09
2024/09/03,食べると眠たくなる,https://www.instagram.com/reel/C_bU5Goz6Lz/?utm_source=ig_web_copy_link&igsh=MzRlODBiNWFlZA==,"セミナー告知, 食事",五行ライフ〜秋編,2024-09
2024/09/02,じょうずに揺れて,https://www.instagram.com/reel/C_YwKnAzYxS/?utm_source=ig_web_copy_link&igsh=MzRlODBiNWFlZA==,嬉しい報告,未設定,2024-09
2024/09/01,ゲームで怒る人,https://www.instagram.com/reel/C_WKvOIz1S4/?utm_source=ig_web_copy_link&igsh=MzRlODBiNWFlZA==,親子,未設定,2024-09
2024/08/31,好きなモノを買う,https://www.instagram.com/reel/C_TnFxtzusm/?utm_source=ig_web_copy_link&igsh=MzRlODBiNWFlZA==,氣,未設定,2024-08
2024/08/30,おすすめ基本セミナー,https://www.instagram.com/reel/C_SUKpCyPTO/?utm_source=ig_web_copy_link&igsh=MzRlODBiNWFlZA==,セミナー告知,氣を調えるWS　陰陽五行で本当の自分を知る　食事のキホン,2024-08
2024/08/30,車酔い,https://www.instagram.com/reel/C_RBxGgzohJ/?utm_source=ig_web_copy_link&igsh=MzRlODBiNWFlZA==,体調不良,未設定,2024-08
2024/08/29,海で揺れて緩む,https://www.instagram.com/reel/C_Oc9EkzuZG/?utm_source=ig_web_copy_link&igsh=MzRlODBiNWFlZA==,氣,未設定,2024-08
2024/08/28,可愛く伝えてみた,https://www.instagram.com/reel/C_L4KfezOMn/?utm_source=ig_web_copy_link&igsh=MzRlODBiNWFlZA==,嬉しい報告,未設定,2024-08
2024/08/27,怒鳴る人,https://www.instagram.com/reel/C_JTX-USGEN/?utm_source=ig_web_copy_link&igsh=MzRlODBiNWFlZA==,人間関係,未設定,2024-08
2024/08/23,元気になる基本：体の声を聞く,https://www.instagram.com/reel/C-_ALieTMdE/?utm_source=ig_web_copy_link&igsh=MzRlODBiNWFlZA==,氣,未設定,2024-08
2024/08/22,赤ちゃん返り,https://www.instagram.com/reel/C-8b56XTMBv/?utm_source=ig_web_copy_link&igsh=MzRlODBiNWFlZA==,親子,未設定,2024-08
2024/08/21,DIYするボウズ,https://www.instagram.com/reel/C-7kZTXSo0i/?utm_source=ig_web_copy_link&igsh=MzRlODBiNWFlZA==,未設定,ボウズの話,2024-08
2024/08/20,金のエネルギーの活かし方,https://www.instagram.com/reel/C-48bEryDW4/?utm_source=ig_web_copy_link&igsh=MzRlODBiNWFlZA==,セミナー告知,五行ライフ〜秋編,2024-08
2024/08/18,氣って何？,https://www.instagram.com/reel/C-yIzR8zBHQ/?utm_source=ig_web_copy_link&igsh=MzRlODBiNWFlZA==,氣,未設定,2024-08
2024/08/16,作ってもらう人の食事のルール,https://www.instagram.com/reel/C-s-jRyzDSY/?utm_source=ig_web_copy_link&igsh=MzRlODBiNWFlZA==,"人間関係, 食事",未設定,2024-08
2024/08/14,ボウズ、盆踊りに行く,https://www.instagram.com/reel/C-peJaJysDl/?utm_source=ig_web_copy_link&igsh=MzRlODBiNWFlZA==,未設定,ボウズの話,2024-08
2024/08/10,氣をおろす経験,https://www.instagram.com/reel/C-dzq4KPnCY/?utm_source=ig_web_copy_link&igsh=MzRlODBiNWFlZA==,"嬉しい報告, 氣",未設定,2024-08
2024/08/09,熱性痙攣と喘息の子ども,https://www.instagram.com/reel/C-a-tIJTzYn/?utm_source=ig_web_copy_link&igsh=MzRlODBiNWFlZA==,"体調不良, 親子",未設定,2024-08
2024/08/08,陰陽五行で本当の自分を知る,https://www.instagram.com/reel/C-ZeZ3iy3N_/?utm_source=ig_web_copy_link&igsh=MzRlODBiNWFlZA==,セミナー告知,陰陽五行で本当の自分を知る,2024-08
2024/08/03,家で暴れる子,https://www.instagram.com/reel/C-LgyNSzBcQ/?utm_source=ig_web_copy_link&igsh=MzRlODBiNWFlZA==,"人間関係, 親子",未設定,2024-08
2024/08/02,落ち着きがない・暴力　外で暴れる子,https://www.instagram.com/reel/C-I7fYKzCec/?utm_source=ig_web_copy_link&igsh=MzRlODBiNWFlZA==,"人間関係, 親子",未設定,2024-08
2024/08/01,五行での個性の考え方,https://www.instagram.com/reel/C-GYcnCTEKh/?utm_source=ig_web_copy_link&igsh=MzRlODBiNWFlZA==,セミナー告知,陰陽五行で本当の自分を知る,2024-08
2024/07/28,Youtubeのメンバーシップ始めました,https://www.instagram.com/reel/C99PbhWSHxT/?utm_source=ig_web_copy_link&igsh=MzRlODBiNWFlZA==,未設定,告知　Youtube,2024-07
2024/07/28,陰陽の乱れ〜欲しいモノから分かるコト,https://www.instagram.com/reel/C98EPMzPsoX/?utm_source=ig_web_copy_link&igsh=MzRlODBiNWFlZA==,セミナー告知,陰陽五行で本当の自分を知る,2024-07
2024/07/25,陰陽感じてる？〜得手不得手と好き嫌い,https://www.instagram.com/reel/C91l0MeT8Vx/?utm_source=ig_web_copy_link&igsh=MzRlODBiNWFlZA==,セミナー告知,陰陽五行で本当の自分を知る,2024-07
2024/07/23,性格は悪くない〜感情と陰陽,https://www.instagram.com/reel/C9wdU9bS5EB/?utm_source=ig_web_copy_link&igsh=MzRlODBiNWFlZA==,セミナー告知,陰陽五行で本当の自分を知る,2024-07
2024/07/22,適応障害：振り返るのがツラい,https://www.instagram.com/reel/C9soZDjTsH7/?utm_source=ig_web_copy_link&igsh=MzRlODBiNWFlZA==,体調不良,未設定,2024-07
2024/07/20,陰陽のバランスが調っている時と乱れている時,https://www.instagram.com/reel/C9otyitz9Ht/?utm_source=ig_web_copy_link&igsh=MzRlODBiNWFlZA==,セミナー告知,未設定,2024-07
2024/07/18,【陰陽五行で本当の自分を知る】このクラスの目的,https://www.instagram.com/reel/C9jmsE9SFks/?utm_source=ig_web_copy_link&igsh=MzRlODBiNWFlZA==,セミナー告知,未設定,2024-07
2024/07/16,知ろう！自分の個性！,https://www.instagram.com/reel/C9egmCySrFz/?utm_source=ig_web_copy_link&igsh=MzRlODBiNWFlZA==,セミナー告知,陰陽五行で本当の自分を知る,2024-07
2024/07/11,暑さを活かし、適応する,https://www.instagram.com/reel/C9RB_mvSrp2/?utm_source=ig_web_copy_link&igsh=MzRlODBiNWFlZA==,セミナー告知,五行ライフ夏編,2024-07
2024/07/11,母乳が足りない？,https://www.instagram.com/reel/C9QQtQBPEjK/?utm_source=ig_web_copy_link&igsh=MzRlODBiNWFlZA==,親子,未設定,2024-07
2024/07/09,子どもの夜泣きと人見知り,https://www.instagram.com/reel/C9LRUjEyxKI/?utm_source=ig_web_copy_link&igsh=MzRlODBiNWFlZA==,"体調不良, 嬉しい報告, 親子",未設定,2024-07
2024/07/07,行き渋りの理由が分からない,https://www.instagram.com/reel/C9GDQhGS4Ue/?utm_source=ig_web_copy_link&igsh=MzRlODBiNWFlZA==,"不登校, 親子",未設定,2024-07
2024/07/04,熱さ足りてる？火力不足のサイン,https://www.instagram.com/reel/C8_hHnASFmX/?utm_source=ig_web_copy_link&igsh=MzRlODBiNWFlZA==,セミナー告知,五行ライフ夏編,2024-07
2024/07/04,生理痛で倒れた娘,https://www.instagram.com/reel/C8-YEhYyRW9/?utm_source=ig_web_copy_link&igsh=MzRlODBiNWFlZA==,"体調不良, 生理, 親子",未設定,2024-07
2024/07/02,熱と魅力,https://www.instagram.com/reel/C86ZRFKyvHI/?utm_source=ig_web_copy_link&igsh=MzRlODBiNWFlZA==,セミナー告知,五行ライフ夏編,2024-07
2024/06/27,クローン病,https://www.instagram.com/reel/C8sNg8syVBW/?utm_source=ig_web_copy_link&igsh=MzRlODBiNWFlZA==,体調不良,炎症性腸症候群　クローン病,2024-06
2024/06/20,表現力をアップしたい！,https://www.instagram.com/reel/C8bhaM7SpYR/?utm_source=ig_web_copy_link&igsh=MzRlODBiNWFlZA==,セミナー告知,五行ライフ夏編,2024-06
2024/06/20,股関節の運動で水虫改善,https://www.instagram.com/reel/C8aSb3syo4r/?utm_source=ig_web_copy_link&igsh=MzRlODBiNWFlZA==,氣,水虫,2024-06
2024/06/16,飲みたい物にも意味がある,https://www.instagram.com/reel/C8P7rDZyn4W/?utm_source=ig_web_copy_link&igsh=MzRlODBiNWFlZA==,食事,未設定,2024-06
2024/06/14,チックが改善,https://www.instagram.com/reel/C8MElVDSVUo/?utm_source=ig_web_copy_link&igsh=MzRlODBiNWFlZA==,"体調不良, 嬉しい報告, 親子",チック,2024-06
2024/06/14,調えよう！土！,https://www.instagram.com/reel/C8KyiwESlTe/?utm_source=ig_web_copy_link&igsh=MzRlODBiNWFlZA==,セミナー告知,五行ライフ土用編,2024-06
2024/06/10,消化器の働きが乱れると出るサイン,https://www.instagram.com/reel/C8AhEu6SQnS/?utm_source=ig_web_copy_link&igsh=MzRlODBiNWFlZA==,セミナー告知,五行ライフ土用編,2024-06
2024/06/09,不登校。氣が回復する家,https://www.instagram.com/reel/C799uF2yqLZ/?utm_source=ig_web_copy_link&igsh=MzRlODBiNWFlZA==,"不登校, 親子",未設定,2024-06
2024/06/03,土のエネルギーのイメージ,https://www.instagram.com/reel/C7vv67Sy0KT/?utm_source=ig_web_copy_link&igsh=MzRlODBiNWFlZA==,セミナー告知,五行ライフ土用編,2024-06
2024/05/31,慎重さ、適応力が欲しい人は土を調えて〜,https://www.instagram.com/reel/C7oBeLayN9I/?utm_source=ig_web_copy_link&igsh=MzRlODBiNWFlZA==,セミナー告知,五行ライフ土用編,2024-05
2024/05/28,元気になる基本は土,https://www.instagram.com/reel/C7gPuQMyy4n/?utm_source=ig_web_copy_link&igsh=MzRlODBiNWFlZA==,セミナー告知,五行ライフ土用編,2024-05
2024/05/27,春から夜泣き,https://www.instagram.com/reel/C7cclbWy_Lt/?utm_source=ig_web_copy_link&igsh=MzRlODBiNWFlZA==,親子,未設定,2024-05
2024/05/16,夏の蒸し暑さが苦手な人へ,https://www.instagram.com/reel/C7BZiFmSW_J/?utm_source=ig_web_copy_link&igsh=MzRlODBiNWFlZA==,セミナー告知,五行ライフ土用編,2024-05
2024/05/15,眉間のシワの反省を活かして,https://www.instagram.com/reel/C69hHPMS7J_/?utm_source=ig_web_copy_link&igsh=MzRlODBiNWFlZA==,氣,未設定,2024-05
2024/05/11,人のため、周りに合わせて,https://www.instagram.com/reel/C6zP3OOSrSo/?utm_source=ig_web_copy_link&igsh=MzRlODBiNWFlZA==,人間関係,未設定,2024-05
2024/05/09,不調の原因の探し方,https://www.instagram.com/reel/C6uJFIBy2gf/?utm_source=ig_web_copy_link&igsh=MzRlODBiNWFlZA==,体調不良,中耳炎,2024-05
2024/05/07,不登校の子ども「じゃあ何したい？」,https://www.instagram.com/reel/C6o8wl5Sg3z/?utm_source=ig_web_copy_link&igsh=MzRlODBiNWFlZA==,"不登校, 氣, 親子",未設定,2024-05
2024/05/04,氣の基本：氣って何？,https://www.instagram.com/reel/C6hQduQyVJ1/?utm_source=ig_web_copy_link&igsh=MzRlODBiNWFlZA==,氣,未設定,2024-05
2024/05/02,赤ちゃんの人見知りと後追い,https://www.instagram.com/reel/C6cJegvyz1q/?utm_source=ig_web_copy_link&igsh=MzRlODBiNWFlZA==,"人間関係, 親子",未設定,2024-05
2024/04/24,子どもに暴言はく義理の親,https://www.instagram.com/reel/C6HqAVGyJVx/?utm_source=ig_web_copy_link&igsh=MzRlODBiNWFlZA==,人間関係,未設定,2024-04
2024/04/17,勉強するなら朝,https://www.instagram.com/reel/C51anw7yVwQ/?utm_source=ig_web_copy_link&igsh=MzRlODBiNWFlZA==,生活習慣,未設定,2024-04
2024/04/15,多動：落ち着きがない子,https://www.instagram.com/reel/C5wSmTJSUk9/?utm_source=ig_web_copy_link&igsh=MzRlODBiNWFlZA==,"発達障害, 親子",未設定,2024-04
2024/04/12,夕方からつわり,https://www.instagram.com/reel/C5opJc6yxAf/?utm_source=ig_web_copy_link&igsh=MzRlODBiNWFlZA==,"体調不良, 生活習慣",つわり,2024-04
2024/04/11,ギックリ腰を食べ物のせいにしないで,https://www.instagram.com/reel/C5mErJIyoLP/?utm_source=ig_web_copy_link&igsh=MzRlODBiNWFlZA==,"体調不良, 食事",腰痛　ぎっくり腰,2024-04
2024/04/09,ずーっと動画を見る息子,https://www.instagram.com/reel/C5g5RiRycrl/?utm_source=ig_web_copy_link&igsh=MzRlODBiNWFlZA==,"生活習慣, 親子",ゲーム、スマホ,2024-04
2024/04/05,3ヶ月生理が来ない,https://www.instagram.com/reel/C5WmlnCSzAm/?utm_source=ig_web_copy_link&igsh=MzRlODBiNWFlZA==,生理,生理不順,2024-04
2024/04/04,のどの炎症に里芋パスタ,https://www.instagram.com/reel/C5UIP32SF4C/?utm_source=ig_web_copy_link&igsh=MzRlODBiNWFlZA==,"体調不良, 嬉しい報告",自然療法,2024-04
2024/04/02,男性更年期障害,https://www.instagram.com/reel/C5O3CsaSGiF/?utm_source=ig_web_copy_link&igsh=MzRlODBiNWFlZA==,"パートナー, 体調不良",LOH症候群　休職,2024-04
2024/04/01,疲れたら何する？,https://www.instagram.com/reel/C5MS5OcPsVj/?utm_source=ig_web_copy_link&igsh=MzRlODBiNWFlZA==,"生活習慣, 食事",ボウズの話,2024-04
2024/03/30,東洋医学の生理のキホン,https://www.instagram.com/reel/C5IWetRvnCP/?utm_source=ig_web_copy_link&igsh=MzRlODBiNWFlZA==,"セミナー告知, 生理",東洋医学の生理のキホン,2024-03
2024/03/30,そうだ、GWカゼをひこう,https://www.instagram.com/reel/C5HJ3DmSudB/?utm_source=ig_web_copy_link&igsh=MzRlODBiNWFlZA==,人間関係,未設定,2024-03
2024/03/25,満月に体調を崩す人,https://www.instagram.com/reel/C46dHz1yXw6/?utm_source=ig_web_copy_link&igsh=MzRlODBiNWFlZA==,体調不良,未設定,2024-03
2024/03/22,慢性疲労症候群,https://www.instagram.com/reel/C4yi6EMvERC/?utm_source=ig_web_copy_link&igsh=MzRlODBiNWFlZA==,体調不良,慢性疲労症候群,2024-03
2024/03/14,不安を打ち消す方法,https://www.instagram.com/reel/C4eBGNuS6c0/?utm_source=ig_web_copy_link&igsh=MzRlODBiNWFlZA==,氣,不安,2024-03
2024/03/13,体に悪い食べ物って知って…,https://www.instagram.com/reel/C4bXuhWPJ2u/?utm_source=ig_web_copy_link&igsh=MzRlODBiNWFlZA==,食事,添加物,2024-03
2024/03/10,離婚迷うシンママは地獄,https://www.instagram.com/reel/C4TpVKBPz64/?utm_source=ig_web_copy_link&igsh=MzRlODBiNWFlZA==,親子,シングルマザー,2024-03
2024/03/09,甘いモノから分かるコト,https://www.instagram.com/reel/C4REnGhSLEM/?utm_source=ig_web_copy_link&igsh=MzRlODBiNWFlZA==,食事,甘いモノ,2024-03
2024/03/08,セミナーに予習は必要？,https://www.instagram.com/reel/C4PuuPaSEc8/?utm_source=ig_web_copy_link&igsh=MzRlODBiNWFlZA==,セミナー告知,セミナー,2024-03
2024/03/07,強炭酸が好きな人,https://www.instagram.com/reel/C4L675OS-Qs/?utm_source=ig_web_copy_link&igsh=MzRlODBiNWFlZA==,"嬉しい報告, 食事",炭酸,2024-03
2024/03/06,一般人が受けても平気？どんなレベル？【からだの学校】,https://www.instagram.com/reel/C4KlLWGvY1W/?utm_source=ig_web_copy_link&igsh=MzRlODBiNWFlZA==,セミナー告知,からだの学校,2024-03
2024/03/06,起立性調節障害,https://www.instagram.com/reel/C4JWOiKvhQf/?utm_source=ig_web_copy_link&igsh=MzRlODBiNWFlZA==,体調不良,起立性調節障害,2024-03
2024/03/05,生理（PMS)が調ってきた,https://www.instagram.com/reel/C4G3u_BSVEU/?utm_source=ig_web_copy_link&igsh=MzRlODBiNWFlZA==,"嬉しい報告, 生理",PMS,2024-03
2024/03/03,統合失調症の再発率が高くて心配,https://www.instagram.com/reel/C4BnxXLyNRp/?utm_source=ig_web_copy_link&igsh=MzRlODBiNWFlZA==,体調不良,統合失調症,2024-03
2024/03/01,原因と対策を伝えられるようになる【からだの学校】,https://www.instagram.com/reel/C39wnghPlrR/?utm_source=ig_web_copy_link&igsh=MzRlODBiNWFlZA==,セミナー告知,根本　原因,2024-03
2024/02/29,ADHDと診断された息子,https://www.instagram.com/reel/C355aUPyNip/?utm_source=ig_web_copy_link&igsh=MzRlODBiNWFlZA==,"嬉しい報告, 発達障害, 親子",ADHD,2024-02
2024/02/25,残せないライブの内容とは,https://www.instagram.com/reel/C3viyx1S66s/?utm_source=ig_web_copy_link&igsh=MzRlODBiNWFlZA==,親子,遊ぶのが苦手,2024-02
2024/02/24,冬を元気に過ごせたら,https://www.instagram.com/reel/C3uQaroy-xi/?utm_source=ig_web_copy_link&igsh=MzRlODBiNWFlZA==,セミナー告知,五月病　五行ライフ　春,2024-02
2024/02/21,自分の好きに楽しんで,https://www.instagram.com/reel/C3lTDl8SEpv/?utm_source=ig_web_copy_link&igsh=MzRlODBiNWFlZA==,"人間関係, 氣",個性,2024-02
2024/02/20,屁理屈で食べないで,https://www.instagram.com/reel/C3j9NntyDdL/?utm_source=ig_web_copy_link&igsh=MzRlODBiNWFlZA==,"セミナー告知, 食事",食事のキホン,2024-02
2024/02/15,独身じゃないから我慢しろ,https://www.instagram.com/reel/C3V2POKPpAU/?utm_source=ig_web_copy_link&igsh=MzRlODBiNWFlZA==,パートナー,結婚　既婚,2024-02
2024/02/14,レシピを教えない食事のセミナー,https://www.instagram.com/reel/C3UgZncP_ae/?utm_source=ig_web_copy_link&igsh=MzRlODBiNWFlZA==,"セミナー告知, 食事",食事のキホン,2024-02
2024/02/14,アイドルにハマる妻に夫は,https://www.instagram.com/reel/C3TRdw1vFqD/?utm_source=ig_web_copy_link&igsh=MzRlODBiNWFlZA==,パートナー,推し活,2024-02
2024/02/11,ボウズのようになれるクラス,https://www.instagram.com/reel/C3MyEplPTQ3/?utm_source=ig_web_copy_link&igsh=MzRlODBiNWFlZA==,セミナー告知,からだの学校,2024-02
2024/02/11,便秘と家の氣,https://www.instagram.com/reel/C3LkiW3yF81/?utm_source=ig_web_copy_link&igsh=MzRlODBiNWFlZA==,"体調不良, 親子",便秘,2024-02
2024/02/08,いらないマジメ捨ててしまおう,https://www.instagram.com/reel/C3D0SiKyc8T/?utm_source=ig_web_copy_link&igsh=MzRlODBiNWFlZA==,"氣, 生活習慣, 親子",マジメ　自信,2024-02
2024/02/07,のびのびしたい人に大事な木のエネルギー,https://www.instagram.com/reel/C3BTMIay_Ga/?utm_source=ig_web_copy_link&igsh=MzRlODBiNWFlZA==,セミナー告知,五行ライフ　春,2024-02
2024/02/04,皆勤賞を諦めた娘と母に,https://www.instagram.com/reel/C25jrmfSbY1/?utm_source=ig_web_copy_link&igsh=MzRlODBiNWFlZA==,親子,休む,2024-02
2024/02/03,料理ができなくても分かる、東洋医学の食事のキホン,https://www.instagram.com/reel/C23BBcNS64j/?utm_source=ig_web_copy_link&igsh=MzRlODBiNWFlZA==,"セミナー告知, 食事",食事のキホン,2024-02
2024/02/01,自分を調えるが難しいと思う人へ,https://www.instagram.com/reel/C2x2n19SwM6/?utm_source=ig_web_copy_link&igsh=MzRlODBiNWFlZA==,氣,調える　シンプル,2024-02
2024/01/31,来年は「からだの学校」を開催しません,https://www.instagram.com/reel/C2vSVI6SThq/?utm_source=ig_web_copy_link&igsh=MzRlODBiNWFlZA==,セミナー告知,無理しない,2024-01
2024/01/27,東洋医学でアドバイスできるようになりたい,https://www.instagram.com/reel/C2k_Y6UyKmJ/?utm_source=ig_web_copy_link&igsh=MzRlODBiNWFlZA==,セミナー告知,からだの学校,2024-01
2024/01/26,氣を下に下ろす方法,https://www.instagram.com/reel/C2iVcrOypLf/?utm_source=ig_web_copy_link&igsh=MzRlODBiNWFlZA==,氣,調える,2024-01
2024/01/25,子どもの反抗期,https://www.instagram.com/reel/C2f060dSUZk/?utm_source=ig_web_copy_link&igsh=MzRlODBiNWFlZA==,親子,自立,2024-01
2024/01/23,性格が悪い人が存在しない訳,https://www.instagram.com/reel/C2am5KlSg_J/?utm_source=ig_web_copy_link&igsh=MzRlODBiNWFlZA==,セミナー告知,陰陽五行で本当の自分を知る,2024-01
2024/01/18,自分の個性知ってる？,https://www.instagram.com/reel/C2N2msTypqv/?utm_source=ig_web_copy_link&igsh=MzRlODBiNWFlZA==,セミナー告知,陰陽五行で本当の自分を知る,2024-01
2024/01/17,昔のことを思い出してクヨクヨしてしまう,https://www.instagram.com/reel/C2LPuuCykER/?utm_source=ig_web_copy_link&igsh=MzRlODBiNWFlZA==,氣,後悔,2024-01
2024/01/16,花粉症の対策とアドバイス,https://www.instagram.com/reel/C2IloaKyEPO/?utm_source=ig_web_copy_link&igsh=MzRlODBiNWFlZA==,"体調不良, 生活習慣",花粉症,2024-01
2024/01/15,濃い味が悪者ではない理由,https://www.instagram.com/reel/C2GGA7PSV5G/?utm_source=ig_web_copy_link&igsh=MzRlODBiNWFlZA==,食事,味付け,2024-01
2024/01/10,ケアレスミスが減る試験前の食事,https://www.instagram.com/reel/C15MjMgSIXb/?utm_source=ig_web_copy_link&igsh=MzRlODBiNWFlZA==,食事,受験,2024-01
2024/01/08,甘いモノって体を冷やすの？,https://www.instagram.com/reel/C10FenSyLyZ/?utm_source=ig_web_copy_link&igsh=MzRlODBiNWFlZA==,食事,マクロビオティック,2024-01
2024/01/06,自分の個性知ってる？,https://www.instagram.com/reel/C1u7ZttSRSP/?utm_source=ig_web_copy_link&igsh=MzRlODBiNWFlZA==,セミナー告知,陰陽五行で本当の自分を知る,2024-01
2024/01/04,厄年を活かす,https://www.instagram.com/reel/C1pxgIbyZCC/?utm_source=ig_web_copy_link&igsh=MzRlODBiNWFlZA==,氣,厄年,2024-01
2024/01/02,暴飲暴食と腰痛,https://www.instagram.com/reel/C1kqKTgSF5X/?utm_source=ig_web_copy_link&igsh=MzRlODBiNWFlZA==,"体調不良, 生活習慣, 食事",腰痛　食事,2024-01
2024/01/01,どんな一年にするかは自分が決める,https://www.instagram.com/reel/C1iH68TS9C-/?utm_source=ig_web_copy_link&igsh=MzRlODBiNWFlZA==,氣,自立,2024-01
2023/12/29,悪い相性の人なんていない,https://www.instagram.com/reel/C1aTbuVSTWY/?utm_source=ig_web_copy_link&igsh=MzRlODBiNWFlZA==,"セミナー告知, 人間関係",陰陽五行で本当の自分を知る,2023-12
2023/12/26,人を変えようと氣を使う,https://www.instagram.com/reel/C1SrBgkSFFW/?utm_source=ig_web_copy_link&igsh=MzRlODBiNWFlZA==,人間関係,エゴ,2023-12
2023/12/26,子どもが教えてくれる氣のサイン,https://www.instagram.com/reel/C043nqIyfRo/?utm_source=ig_web_copy_link&igsh=MzRlODBiNWFlZA==,親子,ぐずる　寝かしつけ,2023-12
2023/12/25,夜中のトイレ,https://www.instagram.com/reel/C1QCbJYS1fH/?utm_source=ig_web_copy_link&igsh=MzRlODBiNWFlZA==,"体調不良, 生活習慣, 食事",過活動膀胱　頻尿,2023-12
2023/12/23,氣を調えるWS②終了後,https://www.instagram.com/reel/C1MRVAEvtHK/?utm_source=ig_web_copy_link&igsh=MzRlODBiNWFlZA==,セミナー告知,インタビュー,2023-12
2023/12/22,セミナーを会場で受講される方へ,https://www.instagram.com/reel/C1ISvijylrH/?utm_source=ig_web_copy_link&igsh=MzRlODBiNWFlZA==,セミナー告知,受講について,2023-12
2023/12/20,よく浮く坊主でも問題ない,https://www.instagram.com/reel/C1DGVdLSmaD/?utm_source=ig_web_copy_link&igsh=MzRlODBiNWFlZA==,"人間関係, 氣",のびのび,2023-12
2023/12/18,ワガママ何がダメなの？,https://www.instagram.com/reel/C0-C9HuyOUp/?utm_source=ig_web_copy_link&igsh=MzRlODBiNWFlZA==,"人間関係, 氣",ワガママ　のびのび,2023-12
2023/12/15,陰陽五行で本当の自分を知る,https://www.instagram.com/reel/C02NyoBSSz0/?utm_source=ig_web_copy_link&igsh=MzRlODBiNWFlZA==,セミナー告知,個性　治療　陰陽五行で本当の自分を知る,2023-12
2023/12/12,幸せになるために何をしたらイイですか？,https://www.instagram.com/reel/C0udD3cST3c/?utm_source=ig_web_copy_link&igsh=MzRlODBiNWFlZA==,氣,幸せ　考える,2023-12
2023/12/11,そうだ、正月風邪をひこう,https://www.instagram.com/reel/C0r9PSLS426/?utm_source=ig_web_copy_link&igsh=MzRlODBiNWFlZA==,人間関係,義理の実家,2023-12
2023/12/08,粘着する夫を放置する方法,https://www.instagram.com/reel/C0kPzv5St08/?utm_source=ig_web_copy_link&igsh=MzRlODBiNWFlZA==,"パートナー, 人間関係",放置,2023-12
2023/12/05,ダイエットの基本は緩むこと,https://www.instagram.com/reel/C0cieuLS_r9/?utm_source=ig_web_copy_link&igsh=MzRlODBiNWFlZA==,"生活習慣, 食事",食事制限,2023-12
2023/12/03,治療院の使い方,https://www.instagram.com/reel/C0XWd2ayQRX/?utm_source=ig_web_copy_link&igsh=MzRlODBiNWFlZA==,"体調不良, 氣",治療,2023-12
2023/12/01,五行ライフ：冬編,https://www.instagram.com/reel/C0SPMIqSOjY/?utm_source=ig_web_copy_link&igsh=MzRlODBiNWFlZA==,セミナー告知,冬の暮らし方,2023-12
2023/11/30,授乳中の食事の回数,https://www.instagram.com/reel/C0PkuI_ykDo/?utm_source=ig_web_copy_link&igsh=MzRlODBiNWFlZA==,"親子, 食事",子育て,2023-11
2023/11/27,家事と子どものかまって,https://www.instagram.com/reel/C0H8F-jS70V/?utm_source=ig_web_copy_link&igsh=MzRlODBiNWFlZA==,親子,かまって欲しい,2023-11
2023/11/26,週末のセミナー終了後,https://www.instagram.com/reel/C0GxHVYvkVT/?utm_source=ig_web_copy_link&igsh=MzRlODBiNWFlZA==,"セミナー告知, 氣",インタビュー,2023-11
2023/11/25,拒食症から過食嘔吐,https://www.instagram.com/reel/C0CuOhlSxLZ/?utm_source=ig_web_copy_link&igsh=MzRlODBiNWFlZA==,"体調不良, 親子, 食事",拒食症　過食症,2023-11
2023/11/24,夫婦関係。改善にはコレです,https://www.instagram.com/reel/C0AI4TNyAKV/?utm_source=ig_web_copy_link&igsh=MzRlODBiNWFlZA==,"パートナー, 嬉しい報告",夫婦喧嘩　放置,2023-11
2023/11/18,五行ライフ：冬編,https://www.instagram.com/reel/Czwpy2ZyZdQ/?utm_source=ig_web_copy_link&igsh=MzRlODBiNWFlZA==,"セミナー告知, 体調不良",冷え性,2023-11
2023/11/17,自閉症と夜驚症,https://www.instagram.com/reel/CzuKiilSb9D/?utm_source=ig_web_copy_link&igsh=MzRlODBiNWFlZA==,"体調不良, 発達障害, 親子",自閉症　夜驚症,2023-11
2023/11/15,不安を感じる理由,https://www.instagram.com/reel/Czo8jBTSPyJ/?utm_source=ig_web_copy_link&igsh=MzRlODBiNWFlZA==,"氣, 生活習慣",不安,2023-11
2023/11/13,引き留める整体をやめたら,https://www.instagram.com/reel/Czj0q8dyGlu/?utm_source=ig_web_copy_link&igsh=MzRlODBiNWFlZA==,"体調不良, 氣",自立,2023-11
2023/11/12,zoomで講座受講について,https://www.instagram.com/reel/CzhSTLySPof/?utm_source=ig_web_copy_link&igsh=MzRlODBiNWFlZA==,セミナー告知,zoomの使い方,2023-11
2023/11/11,食事だけで調えない,https://www.instagram.com/reel/Czev76WScZb/?utm_source=ig_web_copy_link&igsh=MzRlODBiNWFlZA==,"親子, 食事",マジメ,2023-11
2023/11/09,子どもを寝かしつけるのが大変,https://www.instagram.com/reel/CzZh9uVyjgd/?utm_source=ig_web_copy_link&igsh=MzRlODBiNWFlZA==,親子,寝かしつけ,2023-11
2023/11/08,ムズムズ症候群,https://www.instagram.com/reel/CzW728dSOVt/?utm_source=ig_web_copy_link&igsh=MzRlODBiNWFlZA==,体調不良,ムズムズ症候群　爪噛み,2023-11
2023/11/07,氣を調えるWS①,https://www.instagram.com/reel/CzUcPmHSWeD/?utm_source=ig_web_copy_link&igsh=MzRlODBiNWFlZA==,セミナー告知,ダイジェスト　ネガティブ,2023-11
2023/11/05,子どもに怒鳴ってしまった,https://www.instagram.com/reel/CzPOaPZyuEI/?utm_source=ig_web_copy_link&igsh=MzRlODBiNWFlZA==,親子,反省　子育て,2023-11
2023/11/04,子どものチック,https://www.instagram.com/reel/CzMphVqyzhS/?utm_source=ig_web_copy_link&igsh=MzRlODBiNWFlZA==,"体調不良, 親子",チック　子育て,2023-11
2023/11/02,五行ライフ：冬編,https://www.instagram.com/reel/CzHgYNAyY0t/?utm_source=ig_web_copy_link&igsh=MzRlODBiNWFlZA==,"セミナー告知, 生活習慣",冬の暮らし方,2023-11
2023/10/31,体の欲求の意味,https://www.instagram.com/reel/CzCVQ8ISE86/?utm_source=ig_web_copy_link&igsh=MzRlODBiNWFlZA==,氣,欲求,2023-10
2023/10/29,妊娠を邪魔する大切なこと,https://www.instagram.com/reel/Cy9QpW2yNHm/?utm_source=ig_web_copy_link&igsh=MzRlODBiNWFlZA==,生活習慣,妊娠　ズボラ,2023-10
2023/10/27,生理が飛んだ,https://www.instagram.com/reel/Cy4H9EVyycK/?utm_source=ig_web_copy_link&igsh=MzRlODBiNWFlZA==,生理,生理不順,2023-10
2023/10/26,寒い冬の暮らし方,https://www.instagram.com/reel/Cy1h2myyzdN/?utm_source=ig_web_copy_link&igsh=MzRlODBiNWFlZA==,セミナー告知,冷え性　五行ライフ　冬,2023-10
2023/10/24,小馬鹿にしてくる旦那へ,https://www.instagram.com/reel/CywZte4SoT6/?utm_source=ig_web_copy_link&igsh=MzRlODBiNWFlZA==,"パートナー, 親子",モラハラ,2023-10
2023/10/23,回復モードの秋と夕方,https://www.instagram.com/reel/Cyt3Eq8yvdI/?utm_source=ig_web_copy_link&igsh=MzRlODBiNWFlZA==,セミナー告知,自律神経　五行ライフ　秋,2023-10
2023/10/21,自立が大事,https://www.instagram.com/reel/Cyol1A0Sx3Q/?utm_source=ig_web_copy_link&igsh=MzRlODBiNWFlZA==,"パートナー, 人間関係, 氣",自立,2023-10
2023/10/20,自分らしさ,https://www.instagram.com/reel/CymHCuZyWoy/?utm_source=ig_web_copy_link&igsh=MzRlODBiNWFlZA==,"セミナー告知, 氣",五行ライフ　秋,2023-10
2023/10/17,氣を調えるWS①,https://www.instagram.com/reel/CyeZpkVyrhh/?utm_source=ig_web_copy_link&igsh=MzRlODBiNWFlZA==,セミナー告知,ダイジェスト,2023-10
2023/10/15,パパをイヤという娘,https://www.instagram.com/reel/CyZSQYWyDK5/?utm_source=ig_web_copy_link&igsh=MzRlODBiNWFlZA==,親子,イヤイヤ期,2023-10
2023/10/13,咳、鼻水、肌荒れ〜秋に出やすい不調,https://www.instagram.com/reel/CyUEB_FStq8/?utm_source=ig_web_copy_link&igsh=MzRlODBiNWFlZA==,"セミナー告知, 体調不良",アレルギー　五行ライフ　秋,2023-10
2023/10/11,不登校、家でできる経験が大事,https://www.instagram.com/reel/CyO6YgryGuX/?utm_source=ig_web_copy_link&igsh=MzRlODBiNWFlZA==,"不登校, 氣",不登校　調える,2023-10
2023/10/10,何がつらいのかが分からない,https://www.instagram.com/reel/CyMXZ3JSCXH/?utm_source=ig_web_copy_link&igsh=MzRlODBiNWFlZA==,"体調不良, 氣",原因がわからない,2023-10
2023/10/09,体の欲求に応えるが調う基本,https://www.instagram.com/reel/CyJyY5RBxzb/?utm_source=ig_web_copy_link&igsh=MzRlODBiNWFlZA==,セミナー告知,五行ライフ　冬,2023-10
2023/10/07,産後うつ〜いつから働ける〜,https://www.instagram.com/reel/CyEniVQh506/?utm_source=ig_web_copy_link&igsh=MzRlODBiNWFlZA==,"体調不良, 氣",産後うつ　復帰,2023-10
2023/10/06,氣を調えるWS①,https://www.instagram.com/reel/CyCE6uAyOs1/?utm_source=ig_web_copy_link&igsh=MzRlODBiNWFlZA==,セミナー告知,モヤモヤ,2023-10
2023/10/03,妊娠糖尿病,https://www.instagram.com/reel/Cx6WY8USE08/?utm_source=ig_web_copy_link&igsh=MzRlODBiNWFlZA==,体調不良,妊娠糖尿病　糖尿病　血糖値,2023-10
2023/10/02,かまって欲しがる子ども,https://www.instagram.com/reel/Cx3yJaTya-p/?utm_source=ig_web_copy_link&igsh=MzRlODBiNWFlZA==,親子,親離れ　子離れ,2023-10
2023/09/30,３８歳で生理来なくなった,https://www.instagram.com/reel/CxynBiNyvmH/?utm_source=ig_web_copy_link&igsh=MzRlODBiNWFlZA==,生理,早期閉経,2023-09
2023/09/28,蕁麻疹,https://www.instagram.com/reel/CxtcPZ9yrtG/?utm_source=ig_web_copy_link&igsh=MzRlODBiNWFlZA==,体調不良,蕁麻疹　アトピー,2023-09
2023/09/27,認知症,https://www.instagram.com/reel/Cxq7yT0S0gg/?utm_source=ig_web_copy_link&igsh=MzRlODBiNWFlZA==,"体調不良, 親子",認知症,2023-09
2023/09/26,骨盤底筋を調える,https://www.instagram.com/reel/CxoS3hDSlds/?utm_source=ig_web_copy_link&igsh=MzRlODBiNWFlZA==,嬉しい報告,姿勢　トレーニング,2023-09
2023/09/25,適応障害,https://www.instagram.com/reel/CxlwTlDSqjB/?utm_source=ig_web_copy_link&igsh=MzRlODBiNWFlZA==,体調不良,適応障害,2023-09
2023/09/23,今日は五行ライフの秋編でした,https://www.instagram.com/reel/CxiEX7zPMDw/?utm_source=ig_web_copy_link&igsh=MzRlODBiNWFlZA==,セミナー告知,五行ライフ　秋　インタビュー,2023-09
2023/09/23,言いたいことも言えないこんな世の中じゃ,https://www.instagram.com/reel/CxgpJGKS7aj/?utm_source=ig_web_copy_link&igsh=MzRlODBiNWFlZA==,"人間関係, 氣",正論　論破,2023-09
2023/09/22,五行ライフ：秋編,https://www.instagram.com/reel/CxeCfasyZwK/?utm_source=ig_web_copy_link&igsh=MzRlODBiNWFlZA==,セミナー告知,個性を知る,2023-09
2023/09/20,ADHD（注意欠陥・多動症）っぽい夫と娘,https://www.instagram.com/reel/CxYzr-iBv4I/?utm_source=ig_web_copy_link&igsh=MzRlODBiNWFlZA==,"パートナー, 発達障害, 親子, 食事",ADHD　注意欠陥　多動,2023-09
2023/09/19,個性を５つに分けて考える,https://www.instagram.com/reel/CxWRmkZyvKI/?utm_source=ig_web_copy_link&igsh=MzRlODBiNWFlZA==,セミナー告知,五行ライフ：秋編,2023-09
2023/09/18,子宮筋腫が小さくなった,https://www.instagram.com/reel/CxTuex1SWqr/?utm_source=ig_web_copy_link&igsh=MzRlODBiNWFlZA==,"体調不良, 嬉しい報告",子宮筋腫,2023-09
2023/09/17,コンビニやスーパーのお惣菜は氣が乱れますか？,https://www.instagram.com/reel/CxRKvu_SFAz/?utm_source=ig_web_copy_link&igsh=MzRlODBiNWFlZA==,"氣, 食事",添加物,2023-09
2023/09/16,汗かき,https://www.instagram.com/reel/CxOnZygyChz/?utm_source=ig_web_copy_link&igsh=MzRlODBiNWFlZA==,"体調不良, 氣",多汗症　汗かき,2023-09
2023/09/01,未設定,未設定,未設定,未設定,2023-09
2025/05/26,分からないとイライラする子,https://www.instagram.com/reel/DKFrl-WTQ79/?utm_source=ig_web_copy_link&igsh=MzRlODBiNWFlZA==,"氣, 親子",プライド,2025-05
